6138
1510
8470
3019
658
8393
8642
7156
8032
7467
9526
1310
8826
4058
3345
6300
4277
7754
1167
4601
7454
3620
5077
1361
2494
958
1973
2413
3870
6543
4430
4666
3170
3347
7222
6153
8213
1122
672
1834
1970
4517
7196
774
4838
5541
2539
5177
8
4585
6554
9911
3764
9755
8598
9406
2071
3189
2747
75
8667
4376
388
5526
4608
9044
1669
7485
3365
5152
2987
1930
2268
2222
4885
272
3438
2855
6369
3560
843
8510
7777
2369
6336
8655
2733
3187
1034
9505
5299
6886
3041
6137
3
6344
6853
2449
2720
8103
9016
8077
563
600
6557
4715
3423
8817
839
208
193
1929
1774
4758
1856
1988
6535
8685
4428
8518
2624
4892
4678
6499
7941
7127
4091
2405
5493
1544
6583
5625
8998
2697
550
9142
4207
225
7162
6529
2772
1271
3371
6489
4886
6473
5752
1545
3008
3907
1625
5565
8853
4942
1640
6049
6429
8867
8951
467
9821
7143
8407
3064
345
7221
7188
9951
2047
1778
3177
6961
6407
92
5555
4747
1231
7215
323
3164
6993
6419
4252
8263
1762
173
1332
1080
2788
1552
5403
3227
7051
2256
3480
197
1570
4077
6176
818
1400
2916
8652
2846
1661
385
3969
8852
9167
9160
7144
5091
5734
3662
7497
1909
8070
382
4746
6973
9003
9468
7758
2996
7606
9536
9262
3283
6456
4156
6877
7693
6784
492
7244
922
8230
5308
8995
7992
879
3201
9868
9598
3163
7329
3757
5033
5933
5713
6007
5066
6378
6967
1847
8535
568
1223
8480
966
6670
91
8398
2984
6228
4920
8113
8501
2455
507
316
4867
4300
9927
2101
1790
9125
5844
383
9263
6637
9122
7008
3023
2204
170
9846
4289
1938
1367
3322
5864
2363
5354
8062
7334
687
7918
9582
4735
9320
3800
1958
7849
4095
1041
4163
6995
1793
8975
1406
3050
3449
6400
6552
9151
9796
9183
8191
906
6126
5356
4850
8244
7172
1187
6167
2696
5538
8863
539
7277
2598
5223
4815
5142
2005
597
8747
593
1051
2127
3944
3192
9842
8434
2247
4984
3540
9953
1170
9749
5235
2886
1264
4539
1504
4981
3918
5470
5923
6903
5940
7170
2875
7980
6243
5604
1939
8427
4175
2681
2050
6329
3628
514
9259
3860
531
168
1439
6296
8988
5815
2150
2674
2878
1903
5461
6952
8644
6339
1585
6104
511
1761
3358
8473
7263
8476
1071
3523
9244
3596
8308
6330
5880
5895
4662
5543
6249
3611
7486
5920
2075
2364
3890
4583
587
5896
964
2588
8064
8956
9421
9163
6885
2345
6706
5329
5539
89
6119
1131
4691
3548
3046
4184
8203
2709
203
3561
7476
3960
1323
6447
4388
8809
725
3229
3904
5323
5786
2194
2473
7856
6355
7682
2651
4903
2118
6567
4761
6017
576
6669
9028
6744
49
4132
2686
9074
4314
4500
4415
6629
6604
9563
5706
3121
7202
8085
5760
7019
657
1622
2591
7072
6678
573
5346
2406
2400
2221
7090
8620
1023
5352
3336
2348
5424
8893
5309
5385
4171
7673
7318
3854
2039
9225
4693
8834
2214
4775
6088
1397
8880
6179
3472
1250
6327
2312
7678
1788
4574
7229
1759
1673
1695
3005
6949
4941
9034
8214
8881
134
6089
1900
856
9032
1542
7692
6168
9206
1343
3725
1399
3989
8592
5995
6815
1358
1560
106
4173
6196
380
2020
6721
1854
5948
5353
8648
2397
1464
6527
1480
8344
2007
3616
3294
2478
4848
685
9940
5217
3483
9912
5812
6219
9276
5182
524
1522
6568
7361
3730
1357
5593
26
6667
1886
3795
4925
2349
8259
9818
5496
5657
9331
3563
4384
3598
9709
8365
4577
4453
9382
3650
6059
3186
3435
7552
8730
4031
984
743
3967
1687
3927
3216
9396
9906
7269
5406
8448
3085
5488
4070
1121
3858
2768
7056
8367
5197
4017
6599
8786
6999
9528
6598
8074
6616
4730
4198
5817
5870
2415
5376
5721
365
1417
7746
2138
6246
5117
9380
9427
1243
7176
4593
3265
4062
5065
6365
5724
9945
7796
413
258
476
2679
579
2523
7470
6389
1874
4594
6147
3109
4969
6356
3241
60
558
4512
5735
1906
6821
9001
5136
5613
7593
3457
2481
4267
6507
7566
7226
5894
4820
2359
5109
2726
1266
3605
8606
9413
4605
5980
8138
1007
7948
2851
6988
2497
7929
3666
5494
3529
6692
8154
4122
7424
813
7584
5507
4050
3909
2619
2463
2088
289
5010
7907
9337
9724
9434
4065
3608
910
682
3301
4816
1050
8923
2208
7350
3999
9791
1872
256
1062
7681
8906
3846
7041
9212
8871
7366
9758
2146
1934
5928
5600
7108
9971
5383
4725
6990
6034
300
7809
4769
1444
1512
6953
8992
7391
780
1140
121
7427
3143
4488
4742
9207
8566
4630
7857
4561
6086
8699
521
4787
2519
3850
9916
3070
8562
7544
4327
9792
3311
6333
2799
3844
2219
947
1324
223
79
3555
4297
3562
302
6045
9618
3741
3039
9568
1996
5275
6353
5358
1056
1467
7660
6366
3424
2510
8388
4115
3545
6640
7028
8579
6875
1205
417
8561
532
9855
3217
7628
9523
1449
3734
9788
1448
8945
5788
7986
5775
7291
2277
8647
1404
8907
1690
8204
2031
4083
9896
8485
3862
7007
4790
9963
7425
6185
4342
2067
3829
4298
5973
601
5052
8831
2241
6931
5845
3875
4589
6105
53
4934
4338
9080
5860
4279
698
4928
5373
5126
2936
7432
9787
4044
7479
161
8201
7352
4073
9578
9500
1723
3202
4182
3021
680
5695
3677
1777
252
8719
2659
1658
6957
6562
2350
8678
1645
2412
1465
5770
4417
8377
773
871
3708
9514
6022
5219
9116
8490
1076
8981
3266
7186
8411
7278
7945
651
6550
4352
5670
8249
3794
7272
2041
7395
5146
5702
7466
7599
4311
9804
1496
1725
3769
8041
6393
2527
1518
1836
1063
9503
2464
6612
2248
4371
35
7492
4721
7870
605
7767
9889
1257
6786
2153
5369
9621
3243
7201
9445
8227
776
1127
7515
4842
2652
3476
3478
6839
805
3861
9512
8746
5629
364
5972
1302
5878
62
3161
9375
512
17
8851
7540
6630
3026
7633
1133
5514
5060
4717
3643
9482
2229
5805
9823
5716
6476
6954
5497
6974
8765
7742
3162
8122
8696
9847
8917
8756
8186
262
3938
8882
3095
9761
6876
8743
5468
1085
3054
142
5460
5936
1222
346
5739
6548
5570
3533
3421
4971
4989
9601
8001
2660
4940
2635
3198
9239
9734
2246
3185
3220
4045
6084
5236
991
389
4081
9234
462
8059
8768
8671
7671
5102
3364
4068
5480
5764
8458
1558
724
310
6900
7180
5144
6508
4798
5527
6070
1181
8153
9857
298
6975
8273
8087
5322
2571
8409
3768
3782
7817
3032
4663
6595
5433
2557
5976
669
4307
3426
8869
6234
1942
6649
4402
2168
2129
2236
9538
7562
2110
1785
475
3565
9552
174
144
8558
7478
9819
7545
2202
7683
4541
3368
6643
844
2985
4215
2907
3190
7439
1911
5377
5159
5387
4429
1894
1057
1410
8143
2334
4180
4372
3232
4938
6124
8670
4891
3819
101
2472
6008
5929
6361
2388
1624
4422
9397
4672
4821
9612
2611
6916
3300
4581
5458
6359
8181
5129
9132
8937
6171
7794
5072
8174
8801
8660
9608
410
1991
470
8276
8147
9285
8042
6709
1102
566
975
5580
6791
9373
575
3581
9483
6769
4902
5287
8133
3756
3622
7376
1061
5988
1048
7023
3717
1575
7441
4427
7577
3558
8124
4947
6962
9811
5440
4784
5576
8465
4465
9702
6013
2769
2244
6601
4526
8711
6809
9047
1218
175
5832
8959
1443
4032
5459
3922
4306
7627
9203
9944
5871
1000
3043
8412
9540
2407
6774
8842
445
2518
5515
8849
4548
8779
7629
8414
7602
7708
1797
6463
8759
2631
615
875
2914
6798
4596
6577
6467
7881
4852
7235
5970
8027
5307
978
8282
7774
1349
6392
5055
5216
5748
9188
1135
8349
3062
7045
5865
2710
6574
1915
4511
315
6470
9372
1771
4674
8339
6701
7416
830
9152
2216
5221
1948
7799
2432
6514
1026
885
3924
2819
4480
8303
981
8189
3127
4782
8256
2149
296
5471
8431
4217
2719
6806
4812
3236
2175
73
9425
2143
8368
4783
4684
3210
9664
1680
7548
3837
3914
9941
8828
8990
8980
3506
4487
2264
8415
2823
395
3072
9106
138
2857
3142
5971
7166
9119
522
4029
808
4865
3338
3324
7955
9867
52
8496
2818
6041
829
8725
6480
2533
5756
6707
7932
7207
2637
3257
493
3370
3906
2956
5395
6316
4952
2974
4458
8071
1935
9411
973
3780
8466
1263
8742
2106
6865
2269
1831
23
324
1533
3880
5326
5315
2172
3698
8086
5659
9853
5913
9134
7146
9061
8589
9191
4854
3996
6906
8132
7824
7527
7953
8790
4918
6294
9925
2849
8910
2091
9901
9651
9220
963
4049
7096
727
5852
4771
1382
5529
5337
3240
6799
2990
9611
6811
9344
890
3584
6526
4057
5622
1251
167
8400
8511
2147
8938
3882
4800
6964
7960
3968
713
9988
3582
8208
5297
9466
2924
9647
7807
5404
9310
2532
7079
9387
2165
233
8526
6576
894
8430
6157
1447
6699
1767
5658
4529
6390
775
4464
7293
6773
5573
8371
4110
4305
2381
7620
7204
4943
8405
3191
1866
5577
1401
5753
2534
8964
3602
892
6797
337
5952
7637
3934
4124
6926
6044
1282
1609
3445
4359
4356
1573
2157
2959
3672
1340
7736
6448
6644
7355
4281
3007
2253
4324
8544
6633
1842
1696
2955
3742
4682
5803
9045
4313
7589
3530
3750
4880
118
7129
1965
9604
9255
9825
749
6939
8993
6959
1192
6757
4860
1434
6892
9633
135
4749
464
4633
3319
7249
8128
7826
1178
5644
3096
3230
3451
1846
6522
692
6028
7720
5228
3673
9165
6351
4578
321
1776
1104
5606
1002
8793
1204
9697
2292
9284
386
1614
2838
8776
8891
1054
349
5343
2848
2489
561
5232
6739
9027
1837
7985
7128
2458
847
6377
5727
6363
8942
2545
8749
3634
5708
4639
351
8083
2700
3732
1883
2521
811
7437
2211
1014
6911
5804
5927
5991
9010
119
9492
9892
4401
8029
7853
7949
1511
1347
4015
2812
4675
2440
2040
5131
4631
5222
5562
6888
5285
3112
9720
4493
1666
2665
6861
468
9471
677
8238
5180
5916
5554
1784
2217
105
6677
9150
3895
30
8290
8063
9750
4802
5778
5310
3432
4054
6986
7252
1260
1893
9317
2877
1306
1754
9159
9660
5108
516
3386
866
5363
2490
7422
5531
3395
7081
2827
9555
3151
4399
8594
9440
3985
8166
3427
6681
8373
2662
5427
9554
8727
7851
1159
8943
3167
1655
6794
9990
2084
2019
8489
3737
5579
7254
5206
5073
7384
704
6947
2682
1375
1737
4046
9544
2461
8142
4196
7495
9147
9422
944
2655
6396
6148
7163
3718
6210
3594
1152
1036
2927
194
6928
4328
1731
9751
5673
5415
9216
6659
2910
6965
4671
8944
2056
4983
9655
2540
7808
336
72
2884
5798
4808
6881
5574
3759
9894
3538
9360
4961
4905
411
2504
3495
1233
7966
2960
8588
4166
7670
6540
9412
3828
8862
7306
3350
7835
6830
7483
9676
2958
362
9398
8343
784
9283
7133
7763
4019
6015
3657
9015
6271
3992
9874
809
9844
8330
849
1619
319
707
5504
8038
7132
3719
6618
4164
6844
182
2433
5362
1491
7769
3766
7810
5155
190
2111
7217
5473
622
4883
6439
3646
4740
393
4492
1749
6457
2919
8688
1534
4566
4643
9824
645
6421
8621
3147
8649
8971
3454
5203
5601
9518
4871
3487
8248
356
4089
4723
4732
7625
3570
4754
4213
9249
341
1171
5029
5617
4606
8130
6792
3908
4034
8095
3285
9141
8081
831
9978
1516
3452
1796
5011
4001
4027
444
6218
6608
4916
596
33
4098
7480
8254
8733
5615
9772
5495
7957
6789
6325
7380
34
8690
2033
6609
3857
7874
5636
2734
5740
3528
9710
7812
8157
4418
5012
4644
2387
9866
2628
6198
1488
3886
6455
6256
2918
3652
5432
2928
5498
828
3238
8707
4626
611
799
7174
5246
9903
3464
7668
2191
1337
3758
3307
8018
8909
6091
2899
5646
7455
1638
7080
8445
7411
6768
2062
6533
6729
4497
1387
5597
6749
234
112
9999
721
7182
8556
977
1099
4170
2442
5607
4647
6847
2267
6239
8391
8527
6241
9022
4878
1329
5333
7190
1691
6021
5922
3884
8641
8257
8974
4686
130
6280
5328
4831
6035
2386
2223
8253
3736
982
1466
3233
6225
2727
2141
3341
9861
5338
1354
1974
3481
7122
7000
5578
836
5857
3993
2360
8483
1309
7530
8624
5207
8175
9754
1601
3614
7922
4955
5195
9567
8222
6371
4393
6732
791
1922
2925
9062
7533
9517
4387
7152
472
9958
6690
7474
6760
4383
9409
9699
3268
7205
2950
9579
6796
4704
7433
3824
6116
5017
1613
4381
888
1940
7823
241
9798
2672
4301
8285
2114
7828
8674
8439
625
3521
7354
1388
4882
913
9816
2323
8461
8516
2396
7791
6413
5560
7850
1750
7033
7131
5652
9046
1045
5283
7295
7035
2850
6056
750
9840
4425
387
9965
38
1169
9919
7998
5651
1393
6006
3400
9368
3536
3965
7679
2647
1297
2643
7841
4486
3305
9210
5582
3688
8619
9839
9371
9926
7289
9316
5796
1210
3123
1022
7762
2446
6050
359
3920
3898
3774
176
4898
5097
4005
1059
2068
7107
8930
6566
4932
6531
7373
2763
7482
2791
2725
5492
335
7999
5148
1351
7757
2538
6286
4677
4390
5767
4113
9181
3522
1879
1799
7894
8309
5312
630
7795
8450
2613
4108
1830
4155
1556
9936
2887
1289
4369
855
2296
6204
3428
663
8402
429
2703
5688
9105
3827
8332
2556
5683
5107
3071
5978
9875
9384
3293
3935
2249
6422
6746
880
3403
3107
1681
8262
5286
4494
7239
5843
9862
5937
9424
9970
5047
3720
6391
1196
3278
8777
7346
4822
3842
6248
1193
9442
567
5370
782
9463
9485
1918
2393
9182
1945
2027
5463
2824
5703
8734
347
2800
5068
6357
6593
14
9572
4084
9893
6227
6676
1078
9885
7504
3978
8524
4788
2610
914
8628
4200
4004
7001
129
3256
5049
6687
9168
4813
4720
5270
1536
884
6002
7775
4760
8301
3124
9891
2181
3893
8886
6031
2649
2695
5445
137
6236
5836
1333
1703
8764
537
3040
7234
4061
2012
4041
5559
9654
8581
5780
8058
9464
5950
353
4006
6484
4832
8752
8030
2049
7383
8640
9480
5690
1119
5668
426
6403
4994
3269
3422
8403
3515
3509
5237
4579
4549
9193
6347
2117
4543
9192
7943
8686
9448
1295
3309
6443
8914
6096
8428
5022
8575
5869
7059
1414
5785
6930
24
8835
9224
1949
5250
2341
2327
1654
3681
4534
2898
8877
3195
3346
6352
8892
7460
7102
8260
5393
3754
6782
4612
1649
3653
8272
5059
392
602
69
2492
5810
5416
4588
664
1528
8389
5317
236
6686
1408
1683
3325
8653
3544
5664
5773
4183
4944
8658
9099
2684
1046
7663
8818
7687
3651
1554
1954
2152
6905
5968
5447
1214
8287
3566
6753
7431
4137
1055
2109
3902
2444
2986
6647
6750
8661
8296
3222
8926
9319
8539
132
5437
8541
5958
2951
499
5434
8755
9124
5291
3660
8590
634
3973
9757
4640
8102
4716
4201
6884
542
3642
4195
314
5523
2300
1773
3139
5853
9663
4358
4059
9938
6166
6843
2691
7326
9300
9460
4625
7871
9623
7594
9972
2979
4864
7468
718
1919
4367
9019
4724
6636
8698
6651
7884
4697
191
4840
2626
833
8563
7677
3088
6395
2543
1720
3817
7656
9374
678
1603
9605
7002
7010
2505
3176
2311
2078
9475
9581
4127
7903
8003
902
6144
5280
9638
3771
683
2095
6882
5736
3974
414
4276
5641
986
5138
1252
4093
6743
6704
3600
9088
7228
5986
9407
8000
5281
7209
4708
656
2811
6461
8323
2889
4404
2089
3700
7748
7702
5643
3080
4959
7965
8440
4219
559
569
7304
6914
1798
9186
9617
3804
5619
8706
1258
2661
6836
4505
7940
4030
5666
1094
1755
3625
9217
8833
3118
3763
3941
7983
8625
7699
4872
1615
3363
5064
868
2837
4621
1882
1775
8602
8482
1101
2809
1025
6188
2032
7392
9264
3235
7546
7301
126
4669
7071
5946
2170
7923
4545
624
3351
9628
7521
6775
6720
95
9535
2833
7981
8712
9992
6665
1164
2102
8927
2758
4531
281
57
948
3092
7015
2822
4654
3125
1928
7827
6719
1711
1462
4600
6043
5794
626
3532
2904
6585
555
4595
8478
6354
697
5787
275
8060
8854
1892
7895
6619
7784
8875
1427
199
889
9833
7726
7803
9049
7674
1469
2308
2468
1861
1206
1378
9279
7231
1835
927
2940
5583
9542
284
7447
1714
4870
2506
9321
8933
1675
2964
7990
1963
6823
633
7854
454
9209
1087
832
8824
7365
2618
3644
4655
1114
4484
7867
2736
7452
8664
3094
6592
8509
2597
2320
5153
7333
7969
9991
6259
2306
5553
5799
5850
2374
3950
6125
9273
3952
2942
117
443
7610
4473
9295
2567
9558
2583
402
4776
1038
3527
2738
3168
9519
458
920
6920
8422
6066
8844
2290
3733
4520
6322
1532
7344
7802
3739
4225
4632
3619
2732
7161
397
9636
51
5726
6869
276
8218
8846
338
1590
8278
2729
7514
7039
9162
4670
1651
7288
4799
8537
7336
8408
5071
2402
4659
5390
1093
27
158
817
3825
2522
501
1239
2551
7518
6142
6318
8773
9293
9229
4433
4623
1255
6565
4834
6278
7275
9653
3639
249
1924
5074
1863
9452
4527
8952
463
9921
6061
7014
766
5639
8044
1763
4485
4510
8171
9637
8383
1983
2774
5714
8146
8007
6251
4948
428
3580
1676
9946
4922
7561
7875
4809
2385
9436
1806
8536
1859
7635
4863
1659
502
4319
1840
8237
9733
9416
9827
4756
9057
9023
7149
2493
8231
6101
9797
4378
9260
4283
1704
63
925
250
1200
4728
3970
2762
8529
5822
4607
4914
4188
2813
283
4469
4590
509
7721
6306
787
1648
5719
3149
9272
6808
5241
2325
8302
3349
1667
5487
5681
8632
8781
1407
3196
1747
6498
155
2288
5855
7529
8498
4653
3534
5371
8963
8385
9486
9491
99
562
8618
9006
2920
282
8538
399
5568
2266
746
1700
4354
993
9017
2171
8802
1276
9011
3778
3958
7401
480
5566
4002
2707
6740
3520
7876
1526
71
2148
1543
6880
9551
8322
5139
8843
8958
7473
7770
520
553
2577
699
5483
5272
3113
9812
1500
2751
9096
9275
6544
1803
8820
145
3031
1643
6433
9214
4722
4881
4382
5193
5872
8994
7664
4447
6238
7065
546
3516
215
9026
7481
8767
2383
4189
3077
4499
4844
3065
4186
2291
2119
9227
5965
8810
9714
4264
4598
5231
6602
3375
5994
6027
152
7897
2328
6269
1097
7145
9525
1706
4974
5874
7075
2870
8784
3959
5806
3912
9589
5409
3415
5900
8025
5691
1362
7066
3814
7157
9571
2970
7588
4003
1425
3512
6917
9675
4420
6805
586
4667
5924
8848
8234
3367
1813
6771
2414
7554
7816
1077
4660
8245
9347
7651
3603
354
5265
4320
9948
4908
8345
3988
8243
1084
1907
9301
675
933
7092
3475
4424
6481
2685
961
3067
2541
8152
416
6051
5584
7750
9790
6255
4232
5635
735
9817
2479
1183
211
8108
7
9947
6852
3063
3069
5720
9453
3209
545
5100
4804
4204
9695
3115
8475
9235
2690
1073
7638
1571
9719
4241
2728
9659
5154
9490
8721
2742
3810
317
1487
5367
3381
9076
6645
9335
2230
2353
9534
3539
4501
6717
5267
5172
2116
7811
909
7093
279
9584
2606
4167
6862
4226
9873
4266
9560
7541
4437
2174
3948
3055
6240
9090
5063
3943
8741
9231
9123
4066
4224
6149
8082
4646
2207
9013
802
8666
8520
4040
8977
7057
5089
8523
8065
4158
2082
8202
5663
2439
2409
9201
6642
1717
3781
2443
1435
1307
4072
7634
6513
7049
9031
3004
9879
9112
8386
1455
4039
655
9529
3816
6440
3074
1327
2435
3281
8314
7650
437
3431
4757
1960
6141
1724
5210
3101
85
1686
7909
4436
3271
7191
9641
498
628
1180
2096
7313
6133
5774
9850
2423
4976
2055
7310
8870
9072
2946
3637
7905
4293
783
2520
3845
461
5960
2825
9957
7780
8351
5961
3839
9694
8866
8753
3038
7212
4435
842
7830
3689
2785
4797
6177
8040
8395
308
4847
3636
730
7493
7317
3849
5751
3876
7725
1419
6932
3627
5218
1221
5687
4014
6940
4542
9052
8023
285
9195
771
4147
1801
1529
1674
8299
8335
5316
6710
5766
8372
3057
2666
959
6581
9362
2965
2765
2561
5897
1634
4151
2159
2574
7100
4972
2764
5271
3328
5655
7387
8184
4454
3384
9103
3802
4777
9881
8732
4037
8533
360
5037
4109
3459
7125
9277
6735
9603
764
242
169
1574
6819
8118
2081
6266
9205
1246
8039
2868
5030
8436
2187
5884
5585
2377
5123
5151
8034
6063
5466
6290
1432
9511
7435
9897
2962
1628
6090
9707
6827
7563
3433
4366
4924
4692
810
541
6610
2182
5276
7138
7655
3987
5366
6046
5985
39
3136
9493
4149
9126
2008
1766
1418
9282
538
1972
4332
2382
4739
8211
3590
7061
6097
2177
3933
4278
9747
8703
9418
4421
4416
9569
8168
4162
6680
6793
4807
490
3990
2668
3514
8789
3994
8346
5086
6129
2966
6321
6328
6979
4896
6475
650
6927
3676
4524
7740
4508
9311
9756
8534
6009
8357
4694
6211
1144
9594
7262
594
7861
7448
694
1409
2430
2845
6804
1224
674
1472
1816
1020
7106
6714
4755
9058
6324
4462
2271
5205
9258
5856
6747
1413
9014
5904
996
4471
5977
3815
440
9976
1215
5828
7718
3786
2064
3760
5208
9648
9678
59
2862
5881
6762
6315
1311
2934
9973
8140
8736
2077
5981
7583
4174
2935
2166
6510
7511
2051
102
293
7719
7379
703
3803
6588
2001
5809
4442
9731
1557
965
4709
3787
8297
3315
5503
7672
4285
5983
4316
3796
1176
6445
8643
7891
5441
8847
5450
4153
6272
7509
5935
7150
6399
7962
1595
4700
8387
6454
7723
8960
4192
1017
8374
375
9504
7832
1693
5603
6904
3848
9865
2178
2663
77
1219
3174
7429
2976
3239
453
8455
9135
7560
8362
6976
4400
1967
5013
9902
8540
3286
893
700
9402
8495
1283
742
6582
8634
8957
9223
4973
2749
5686
78
9773
898
5402
3253
1315
4930
7734
8778
3962
5944
3501
2372
4210
4287
7283
6596
6625
5002
1096
5418
465
8792
3330
2286
108
9137
8900
292
5190
629
6151
4118
6417
4564
5111
8283
1553
5105
5544
3664
8219
7974
8239
2280
9318
9429
4768
9564
1463
1477
8101
3002
5674
5421
2937
5596
3360
7843
1851
8500
7984
3276
6108
7975
8279
8729
6695
455
3320
1682
5375
3621
7848
3937
5018
1265
5632
1225
32
3998
9935
5104
6890
971
1288
3354
6253
4168
997
510
6713
987
8997
518
4950
3291
4657
8970
8726
270
620
312
425
6505
6095
1217
8739
5909
9952
7068
1802
3111
9325
6426
6850
7438
8571
2596
6213
2648
4556
582
8163
8410
3455
8366
8804
5650
2340
8567
1145
239
9146
2045
5628
9590
3160
1923
7772
3812
3200
5891
4145
942
3382
8358
8954
6265
1959
5863
729
2215
5890
6405
8454
6639
325
3001
6307
7126
4395
6855
3076
7155
3499
9955
9117
3156
7834
2754
2646
5095
6780
303
7954
7800
5829
6569
2445
5379
3048
7328
9933
2790
6851
2336
6288
4064
8637
6856
9164
9923
4713
953
237
604
2376
9228
8443
6388
1156
3543
3767
1005
5476
9156
5858
6653
1592
1294
2046
9650
3183
6832
6925
5729
9012
7898
7356
6173
9180
1108
9248
3159
9735
5132
6849
7375
4239
3010
714
5340
9666
8654
7788
1869
1088
9763
1770
3576
7582
9029
1517
8233
8151
7292
643
6745
7389
2125
1339
9269
5530
534
452
7194
1559
2702
6997
4157
45
8502
581
4258
8347
8061
7531
488
6560
7388
686
5749
3353
1203
523
1908
5401
659
2192
21
5349
7728
8615
3171
2535
154
3648
7690
1081
2760
2379
8638
6818
8587
4438
2712
7501
598
763
2112
8401
1120
3465
5444
9932
1319
8650
5705
2310
9784
1372
2552
2314
1781
2361
936
1368
4875
9432
3157
6098
2145
4370
25
4090
3279
1270
9515
7462
9573
8183
2842
7568
1189
1581
81
8762
8462
3856
3765
5491
3679
1710
9457
1635
8050
2913
2832
4912
6741
6200
7971
2743
3274
4023
5647
8611
3669
9170
8950
6776
5532
2636
8004
719
7247
919
5110
5550
3790
6845
139
2004
4685
1053
177
48
3249
4470
4496
4312
8137
1232
6671
100
7248
8337
7471
7745
6488
3376
280
5244
6182
9640
1751
1524
9286
3635
1229
9414
551
6831
4874
3686
4810
1335
6833
6787
4290
9781
5213
4690
9849
4571
2755
7950
9585
6705
7785
9128
9179
6725
7206
487
6349
6752
905
1272
1950
297
3982
8099
2233
6226
5888
1975
4489
2620
5411
3197
3761
960
2257
47
4622
2053
9715
4895
7615
5599
8293
2594
2901
3811
1885
479
9533
4262
2209
9136
7442
4745
2569
7094
6738
1947
4114
6332
6563
2333
3953
4921
6528
8716
1235
2392
6730
1365
2530
7845
8668
9381
1494
5140
1174
7944
6418
4398
2528
1896
4975
9672
9904
6299
227
1273
5027
6281
3588
1137
1064
6415
6384
9040
1150
2608
1925
9838
503
2906
6341
7296
6402
3392
5848
1325
9832
5243
7299
2272
3633
2346
6342
7722
5054
786
9356
5430
3665
5251
5093
148
7587
8874
4965
477
6679
2589
4819
7886
5215
1713
7121
6431
6859
1060
8131
9175
969
4706
4923
5765
4407
6372
5620
7151
9267
891
3979
5
8775
7993
6268
127
1016
4326
1513
2270
7224
9171
6663
7866
2512
294
646
6937
3473
838
4615
434
224
8565
7942
164
8464
6766
5887
8022
3466
7516
6628
1047
6951
2354
9366
5797
6532
6530
2908
3879
9242
2213
8597
9777
4159
1352
404
9355
6444
7449
6245
7348
3798
1429
9630
340
6685
5051
3654
5057
9959
4825
1405
2989
3585
6731
5660
9363
513
4794
3397
7198
3460
1891
1107
9059
4829
1719
9241
141
2339
8446
8459
3468
9415
5569
1829
5939
306
8694
2128
7513
6310
7407
8630
1421
8109
8155
4830
1124
3704
3359
2615
3981
717
2706
4351
2614
3961
5277
4146
7622
4949
1428
7539
3308
1961
2692
5389
741
3213
5133
5164
6901
8555
6038
7510
3547
702
1562
3155
9309
1985
4937
5851
4140
1441
7173
8120
9580
9629
8089
3282
221
9410
9083
8525
8607
7363
2025
1791
3966
1827
4911
9942
3166
1431
720
940
8031
8999
5518
6438
1577
1962
5048
4423
290
271
4456
8916
2605
2694
972
1083
2018
1855
8572
482
768
3836
7901
4770
7928
2770
1394
850
2804
9211
1931
5931
7575
8841
2917
6014
7342
7374
9265
1741
5905
1932
9243
7569
751
1877
2189
5586
2688
609
9586
2821
7749
1531
3498
3134
4365
3583
8982
305
1537
1338
3420
6053
4851
4791
5171
4857
5293
1018
2281
2426
5290
3556
3747
7450
5083
5638
7042
4187
2511
9780
1395
9361
3250
4750
7394
8212
3573
2558
8947
7135
834
3273
5697
8600
4448
6718
8036
9004
2513
4233
2593
5547
4116
3546
9863
8962
7551
863
390
220
5689
716
2759
6580
1670
6295
6036
533
8507
371
3110
4515
7003
9215
2206
1373
1106
6187
4786
7181
427
5026
4635
5301
9095
1547
4136
5595
4576
9131
583
6971
1616
8110
8636
6816
7140
7858
8717
9306
8145
4811
1917
5728
103
679
9338
4597
7661
7043
8901
5209
8472
9081
8173
2806
8629
3312
7220
7085
2781
8019
5732
1286
6896
5984
7419
1386
3752
8887
1481
8315
8261
3000
1610
8008
7472
6734
1098
7608
1457
4100
2839
2093
6172
5288
2584
214
3242
6600
8797
5680
1955
494
968
6298
5242
9055
2803
840
8017
4731
5334
9506
9349
5630
5959
9547
8798
6362
2735
6652
578
5545
2548
8363
5506
1142
9042
7270
2815
140
7842
3945
2092
3277
4223
8673
4211
7160
9732
8735
4234
2097
7372
8812
8100
8413
2963
7345
8669
4535
2786
5034
2362
1604
899
5426
3871
1641
3792
5196
401
1848
9711
4101
5827
7991
4408
5873
3493
2890
4082
4197
8125
3154
4411
1369
7271
3413
344
2136
2090
3690
5886
3405
747
5602
7741
9324
9178
3029
2228
6345
2179
4818
3081
2590
318
3936
6224
329
7822
7477
8890
4538
6863
6860
3946
9294
2653
6509
6656
5842
2630
6270
6263
9307
442
864
131
8513
6000
5955
2954
4866
1503
3926
7458
5692
8156
4426
3119
2746
9261
4664
8327
2641
2329
7630
6968
8623
564
4249
4551
409
6697
8722
3390
5214
6428
2756
7946
1572
6519
6534
9288
3068
12
5388
2972
5119
6178
701
7253
4414
4845
4970
6486
1364
8141
265
5187
2654
3078
4656
1549
9954
8488
915
3327
7286
1555
2070
9814
7733
8904
8899
5505
3801
2894
3272
4102
5306
9632
3373
6728
5258
3237
7653
6408
5175
9086
7979
803
7535
9133
3541
4272
7611
2680
8836
3479
988
2968
263
1671
2550
2945
6765
6425
3983
1100
7265
7601
2642
3494
4518
327
7899
268
5058
4010
9770
449
9108
9729
937
8381
4849
6525
3128
873
1841
1112
7335
204
1492
1502
9802
4899
715
7064
7647
7463
5226
3042
3244
3853
9766
9297
1237
407
6934
8766
5094
8799
3052
841
617
5198
1445
8936
7872
2708
1299
5618
2807
5831
7499
506
4985
7798
647
4261
2808
9635
1779
9025
4135
2384
2467
3009
5183
7792
4560
2453
2676
1356
3901
4228
2578
6163
6941
5610
2183
2947
450
6627
422
9431
5247
5185
9342
8270
4218
7550
7255
2368
9143
1684
4011
1490
7786
7930
7465
790
2438
264
2275
2581
3599
136
110
1913
4894
6501
261
5776
4476
7223
1136
7782
7089
8822
5540
995
4751
4008
5701
5145
3214
4086
9593
3175
8246
2352
3874
4889
7570
2744
5442
4658
9652
8404
7054
3379
4121
6073
6635
2428
1433
8425
4945
7913
2470
2900
950
7219
7082
3921
9854
1134
3280
4861
2087
9615
4634
7308
3873
8164
8595
5588
7624
1013
4624
1168
7257
2389
2715
3630
7070
5294
2220
5649
6923
9280
9166
245
4553
6668
7488
2860
5061
6722
3789
1623
4269
3728
3471
6715
859
2874
6409
3179
6912
9913
50
3066
6302
4900
4868
3779
613
54
4509
6106
2779
8009
4221
9351
8691
6689
8718
8205
3084
5513
9469
4665
3818
7659
8985
9809
1446
638
6111
9030
2881
3784
2782
6109
7027
3022
7889
3707
260
8829
4887
4987
2351
5121
525
9645
5456
4250
1612
2575
690
2394
357
5679
3551
4457
536
7364
56
6700
1381
1160
5378
1199
7032
9509
1521
9495
8635
2546
820
1316
3995
4602
6037
4024
9153
4683
548
9994
6933
5867
1177
8479
7520
6410
4444
9566
5915
5400
9745
8325
8355
116
7967
5747
904
7747
9979
4295
4405
8585
3408
3334
6597
6825
8771
9236
7597
4412
5391
3037
4953
9222
7294
9783
4927
2993
3682
9129
1821
7233
8894
1818
8338
7752
8198
5521
3372
1208
2421
7840
6838
676
3701
6343
5200
5501
2949
4651
3577
4190
8149
1535
4139
3626
7839
1787
9218
9353
8506
6894
4134
2932
4904
8583
491
4544
1718
4434
7091
8517
8858
1035
7130
5528
7259
1424
1212
7331
4569
8447
3838
5876
9559
4884
3591
90
4661
235
5741
5723
1039
5414
6382
3489
2167
1322
1379
6626
3692
7649
6490
9950
189
3705
2162
6465
1764
3721
9278
2704
8609
2309
367
9036
1971
9658
6442
8697
7938
7142
8745
183
6991
2417
9961
9602
4191
8114
3447
6970
6777
1113
5225
2099
710
7996
6950
8811
1685
6412
5490
1009
1147
1853
3416
2404
8161
3219
358
9107
5956
6587
8046
4060
5862
1870
1832
8504
266
6485
8564
1139
2961
5704
6
8094
4284
6621
1814
9009
1833
9767
639
1165
8384
7915
8795
560
6135
7970
1901
8932
9066
1280
7103
5009
2474
4075
4877
9900
689
4331
1317
4106
4056
7305
2796
5542
2495
681
2992
504
8028
8676
1370
40
3575
3407
2580
2969
6032
9487
1579
6748
5327
196
1182
5069
7377
6727
4680
1298
4126
4364
6824
4361
6140
6683
6703
394
2298
7341
7732
7585
8813
8435
8961
9977
4275
623
5893
7879
10
352
6398
7453
2922
8876
7141
8626
1660
7716
2572
6874
1772
6864
8827
3807
1392
4823
9613
5161
7868
8659
9315
5557
7241
7074
7214
1028
3245
4719
7639
3571
7910
8247
6820
3153
2689
3865
8304
2305
4645
1789
1374
9599
5996
1753
3020
5028
3261
4353
4194
653
5024
3877
7558
5199
5561
9843
6611
7030
7063
3342
3963
1105
4901
5374
7426
6155
3357
3735
5128
6736
6128
4586
9882
7256
974
1862
1722
9960
6367
9810
2499
7652
3867
5811
3640
4491
6943
9962
745
3497
5609
8200
3262
3518
3915
459
6536
1702
8554
8079
3649
3103
1588
4451
8341
2144
798
339
4986
5150
6068
2021
7581
3773
8991
4734
5135
8512
6337
128
2016
6733
9513
4695
9393
9981
1185
637
8919
5465
4348
7837
8758
3045
304
612
7641
4
2903
1617
1726
9271
1256
2711
3840
6909
3482
7537
9085
7124
9516
8895
9328
9795
3491
9303
5103
9920
9890
7662
9472
793
1259
3683
5331
7773
1994
8754
2451
3791
1607
4718
1090
9479
406
6523
3225
779
9184
3809
5031
9069
240
1396
6506
6446
7590
792
6553
7797
7400
9995
1957
2375
216
1195
8207
4637
7274
133
7314
2188
3715
6826
9098
9064
4481
9354
8190
1326
9405
19
9389
2752
2224
2279
8106
1629
5314
7414
4355
7988
4876
5801
8228
7688
5769
4998
9256
415
4047
8772
6958
9174
9626
4617
5075
6217
6024
6174
5509
9250
7519
2196
9762
1769
4346
7402
4546
9937
2921
8787
8605
6790
4450
4235
1757
6054
1179
5730
9376
9251
1067
7444
7165
8026
4532
592
9639
3011
6181
800
1705
5303
6033
8955
2999
3618
7134
7300
5511
184
1611
403
8055
8825
7179
695
1701
8468
7931
4956
5907
608
3748
7888
1198
3411
7787
6237
7338
400
2447
1509
8250
4933
6018
232
8700
9488
652
8984
7776
5731
760
3868
2124
8531
6112
6759
8897
666
5964
8073
6883
901
5417
1905
765
6482
2294
6579
376
5834
5234
431
4910
3855
1336
9553
3060
4038
4498
4701
257
5537
7327
6077
8134
9718
2801
5993
5941
2895
8024
3314
5101
4507
591
2283
3891
2126
1820
8651
7321
5407
7618
273
1363
311
2602
5790
5549
4112
7246
8953
8740
8048
4559
2485
9433
8179
9822
4255
7316
7951
9993
4214
1712
2205
3263
5745
3211
4980
6969
3135
6374
8519
2869
1126
3484
6242
8883
8045
599
7116
2507
5076
1902
5324
8364
20
5384
9878
9385
2515
5163
286
5168
4080
5204
7862
1004
1238
7959
931
6897
4550
7765
5837
853
5989
7976
1330
5397
7332
8217
4343
684
379
3519
8693
6364
5464
4461
2015
6231
8879
508
9786
7729
907
5170
6460
2242
8514
163
5125
7924
5212
2373
705
6069
4111
9473
5524
2066
2621
861
5368
3984
1672
1501
2745
2553
6607
9706
929
1927
8532
5321
7267
8329
3218
2226
4960
4641
8580
8320
1694
1269
7676
4020
8088
3399
5914
2565
201
3410
881
2282
7573
6631
7713
2943
4406
7503
9039
667
219
1498
3409
9895
6159
1402
9597
6273
8996
5006
7793
9562
9769
7445
7456
4036
3132
9084
7083
1734
8617
6829
3114
226
8791
7113
74
9467
1461
2667
8271
7753
8295
2273
7417
4570
1566
7185
848
8935
5717
3511
1808
7147
122
5118
3178
5070
4345
9290
2072
7937
967
8633
3340
5877
9673
8281
247
3888
7987
2670
733
5947
3980
8577
3589
4270
3188
9837
7648
4628
8020
8105
1783
6121
4254
5014
6828
5114
8370
1284
7580
5082
7105
9679
3456
7168
6638
739
7409
7282
2915
9073
7804
4729
1190
2274
7009
7735
5181
2931
4703
4380
5320
5020
8182
1663
5656
3292
150
8576
5598
939
8333
4107
6871
9339
8067
2563
4160
9417
1823
1227
2003
1426
7724
9870
814
9771
8549
3444
313
8796
9024
5746
61
5762
8631
3749
218
9330
3597
2486
7418
2991
2835
3710
1052
8360
2741
7707
8967
5254
3793
2425
2258
7197
8788
5345
1636
9200
7961
2169
9054
9050
5147
4748
7430
5839
4310
6942
2938
1697
8645
1201
10000
5627
4537
8242
989
954
6857
3380
7062
957
355
7307
3150
7831
7645
7603
6201
8197
6756
7370
1236
6810
7626
6872
4909
3972
8806
1599
3490
6118
7880
2356
5859
3398
7878
7642
530
9980
4744
9860
6938
5001
6016
7280
2912
6381
734
8268
231
2586
5087
6175
9252
2650
8750
4063
5099
3180
2006
5046
4375
9204
7258
5341
8277
9726
3318
4688
9759
5665
7016
3745
5926
7947
6264
5032
2724
4466
8925
8987
6503
9556
992
5336
1933
3270
5571
9682
8123
2160
9807
6214
209
439
8903
7994
565
5710
1275
5457
8334
6360
6956
4177
3554
7410
4599
4138
577
8437
5624
8672
5533
6648
4231
6258
1109
1186
882
7859
5671
9616
5889
4026
255
9312
8210
823
6067
3663
2322
8487
1540
9899
457
1202
1095
6373
4377
5160
8016
2582
4521
2632
3333
3254
4085
6878
2186
9199
8199
2299
288
9739
6511
6674
2994
6160
1817
3919
1921
2254
7595
8236
8856
4990
1873
8220
3537
8545
1308
9005
5255
2261
4141
2748
5019
7148
9343
3851
7323
5278
3564
9760
4246
6547
2564
2069
5191
4052
5512
5694
9190
2863
3610
7367
5189
4603
6199
8397
711
6058
5194
3675
2378
9092
2121
7936
3181
5589
6902
8780
4245
6183
2043
6195
3302
688
5849
9056
6386
7617
2595
1632
9161
4152
1130
2198
3833
5522
9350
3117
9577
8080
8885
7225
1990
6205
2036
6335
7829
9974
1826
2508
4766
2864
2930
1305
4043
1578
757
7686
7890
6292
3916
2105
3329
1716
740
4572
3572
4584
7406
4227
6203
7047
5709
9737
6981
4837
5357
9257
2357
7964
9383
6375
7564
5783
7484
7764
9305
3513
6206
6504
8240
9314
2783
8084
4230
1163
200
4431
7227
5156
1707
9808
6929
5825
4562
6711
6948
4193
7502
3776
4452
1600
5330
3658
446
4843
7360
5305
9836
5062
8037
7572
8275
2408
3674
36
9631
229
6030
5911
6634
9450
7322
1391
4016
2482
8769
1442
6702
8090
6079
6795
5987
6131
8865
5284
3693
5551
7404
1838
7538
5238
8266
9274
5360
9803
115
6230
835
2780
2789
3601
6779
8522
529
4676
420
2411
1011
6873
1485
4474
9537
6497
2858
2669
5486
722
2909
5262
7457
4528
970
3462
4964
3317
8433
5910
4591
1470
7037
6139
4099
6319
924
7017
1468
2722
9595
6334
619
1941
4789
6469
2434
1795
7836
5448
8708
5224
2240
1888
8821
6055
9852
5693
4205
9687
1551
7911
1875
5239
222
187
5439
5355
6404
4336
6100
5921
5475
9622
3430
794
7358
3140
67
3613
4558
3389
6893
878
3259
6052
2052
6471
3624
9456
6023
8924
6837
6936
4833
3923
2902
7892
1412
18
2771
4793
2260
9177
6915
1916
5677
2034
8188
111
6684
2525
8578
2197
5186
8760
6220
3036
7921
2255
9741
6751
4858
7536
2163
6348
2028
7751
7251
9625
2466
7933
7512
3477
4441
5043
5661
983
3441
7958
9386
5653
2488
2730
149
8098
4373
1220
8560
7956
4208
7208
1743
4260
8002
9219
396
8616
2460
1458
6164
5912
3612
9002
1968
4926
9202
4144
1197
2792
1314
2867
7760
107
162
9967
2048
7968
5220
8369
3711
5777
1261
2130
7183
15
433
5302
5245
9428
5594
6772
6436
7119
8121
9746
9232
6822
421
2723
6646
3332
7245
3929
9670
7496
7613
3193
3557
3306
7095
2885
585
8723
9104
7192
9127
886
3668
8701
6468
436
7882
5451
4468
7596
1029
9949
9430
4076
8115
2640
7117
5292
976
2834
5637
3025
9939
8221
3971
7273
1895
7298
9943
5112
1580
938
6326
5642
1507
3469
5143
8176
8704
3260
557
4806
7403
1015
4743
1066
3212
466
7553
2190
2491
6972
350
1111
7381
1043
186
4169
1679
6868
9079
1240
6572
6453
205
5249
935
4344
1852
8150
5711
7359
7287
9864
2307
8547
6817
9454
9914
8399
9642
2603
1800
4479
744
165
7436
9035
8939
7612
606
3835
9033
7312
7237
6866
2784
2037
377
696
8855
758
3830
2140
9089
2133
5722
2317
9113
6691
9018
7896
6194
5611
7885
2555
1070
1626
2587
1735
8010
8139
1630
2010
5563
1786
93
4446
8449
3033
274
6094
3091
2600
1141
2243
2739
9997
9459
7078
6215
7506
481
7825
3656
2193
5098
1729
5392
7195
8453
3049
6275
7534
6538
872
3470
5157
3090
1708
8586
2865
5419
1953
2154
9394
9196
3102
7833
2060
6800
8097
3925
2104
6694
7565
5634
7175
7756
9266
535
5932
9185
7654
4801
8160
8552
3631
9704
6250
5260
1677
6076
2107
7963
4185
8861
4582
762
2285
9753
9101
7385
6193
2100
9671
9140
8774
2231
9302
7906
6212
2061
7916
2856
2988
4243
1979
9634
8116
5289
3442
5078
3234
3859
9358
3439
6742
822
4888
3604
5227
9884
6459
4752
1296
2622
6162
8570
1646
9388
4325
952
6541
4119
1321
668
3695
2883
7031
7744
9607
5134
3738
3014
4839
7303
1166
4247
5282
2977
7154
178
2699
9986
6004
9063
5484
6723
7084
7285
807
4712
198
8845
8169
1644
5269
1001
1792
2013
3086
8340
5428
1483
6660
1587
4379
7315
3221
8978
5325
8223
7018
277
4563
2142
5120
4483
9768
9929
5772
3284
3954
2370
8429
6083
9669
3821
797
588
8986
287
2251
6472
4048
3822
6693
9570
7640
1346
1262
5744
7109
3120
3352
7490
2250
9419
5626
5755
2123
8675
4642
4835
1631
1371
4009
7781
8043
1350
4472
2549
1794
5564
6277
5474
3559
5311
5979
9326
8839
3716
3152
9247
9888
2011
4936
9067
801
2324
6107
2761
3141
9352
469
8394
361
4668
5467
1430
5092
1012
5648
1745
8419
6913
2775
6267
5469
8136
267
4552
4862
2502
8311
8868
7020
3714
3027
3831
5974
4273
206
1247
2713
9858
8574
166
2524
781
1398
9793
120
8805
6984
708
1527
4143
7542
6726
4897
8761
9399
8557
8573
5763
9713
1267
7643
2698
5137
9539
330
4523
4150
2498
8178
9443
2570
4350
2778
6737
2316
8382
156
6368
6657
8705
8830
1608
3343
9233
3003
5707
16
8093
5499
7261
1377
2023
2911
9698
9281
2625
5819
408
5130
7024
7667
7586
9114
2537
5372
8934
9111
9657
9968
4610
7487
28
6379
3881
1920
9736
9068
7050
6064
3391
147
4018
6492
5535
4296
7738
7067
4893
8107
4966
5826
2059
3569
3288
7927
7098
8610
8680
2831
1230
3897
6207
1642
7847
4419
7290
1508
4242
9502
8737
195
2677
146
2476
3504
6080
5008
2284
8550
8808
5127
8298
254
7264
9789
8596
662
6420
9400
4522
8499
1668
7556
7818
1760
4726
9649
3727
3852
6387
4268
955
368
5669
6376
9826
1546
6048
6803
5184
8300
9437
2840
5640
6978
3073
1027
3931
3172
7684
6841
5793
8684
2238
527
2293
2627
4302
4202
1162
3448
5957
8965
1980
6152
4954
5454
6496
172
6590
9020
5252
788
5768
9499
3910
238
8035
4051
5525
2022
9299
7709
3059
3550
3568
9779
2526
1328
9245
5975
9907
6145
6092
7658
941
5608
795
9619
3659
3206
159
181
1474
5085
8251
8379
2816
1605
2080
7574
6623
9712
5313
3401
1657
7789
1966
4445
2431
1154
9524
5534
5758
3878
1353
3505
3299
2338
2929
7351
4396
8072
8783
8702
804
1698
6661
7362
4991
570
1155
7159
949
2500
1520
3224
6025
7408
3079
5868
3383
8148
8194
9298
9070
8421
3126
5902
5045
4117
990
5115
2024
8460
6788
9120
3826
4053
4759
3911
7908
1040
7153
6992
8033
3215
76
2952
7919
496
7405
6614
3930
3670
8375
2585
97
3587
1780
5662
8013
7461
6287
3740
2683
9439
543
1976
8051
8604
6898
309
2410
2872
7097
278
6184
4078
6191
1964
1082
9420
2717
5953
3552
6989
6190
726
8321
4323
7864
1138
3905
9438
7112
5141
5833
217
7029
8679
6087
3667
2065
9877
259
5808
3647
4846
1805
3607
6985
7266
635
7739
1678
8946
1072
4341
123
9149
2859
4022
4649
4248
5784
2009
9451
644
9680
845
895
5263
6542
8307
6170
9365
4176
5056
4087
1899
3947
9155
8326
2721
9785
8497
3396
6672
9600
2200
1567
3900
9910
2234
9723
552
519
917
9614
7087
7576
1475
4879
7347
7689
6331
2319
4827
7972
2332
4088
3100
5188
8969
8838
2235
423
9370
1184
2210
8614
9576
3385
3751
4762
5295
5230
1123
9091
1234
4764
9574
6430
2601
9395
4206
2335
7838
4475
1291
9508
7210
4291
7498
918
7339
7489
528
7309
6578
4673
7464
328
3694
1454
2448
8889
4774
418
887
331
4753
4071
3549
7110
9725
789
8639
1277
9667
3743
8973
1946
900
1089
9748
9102
2879
1586
7680
7115
8715
1569
6589
4286
4125
3440
9364
1844
642
1389
2896
3957
3013
1287
1992
9470
6397
9094
9093
7393
9198
4129
9322
8096
5791
6479
3018
8331
3517
9934
5998
6516
6573
5298
1715
1865
6632
7549
2252
7494
7136
3744
4504
484
5821
8860
5682
9240
6161
994
8127
2531
4780
1845
4443
9357
896
9053
4978
1042
2973
6317
8158
3770
478
6591
1982
6011
6452
8492
213
5733
4203
4409
9624
8185
3436
821
94
5696
631
3223
6867
9856
6085
5173
1209
5229
7730
1665
8075
5882
9546
9110
7052
1825
1132
3378
4906
124
3348
332
8226
2997
8593
5233
5088
419
1878
5982
2871
4222
1744
6754
5106
424
5781
693
9521
2232
6120
1044
5672
7004
5124
2026
5824
3684
3832
846
9588
3535
4181
1486
6158
8471
8324
2802
8348
4074
2074
3799
6512
8417
8689
1876
9545
7382
5759
8493
3485
999
930
6921
5412
3035
5396
2882
4939
2657
4096
2592
5951
441
7324
2342
6001
4256
517
756
6441
6675
3246
9985
9983
4357
7605
7459
8782
2103
3207
3138
6946
5319
471
4363
2671
4209
8467
8546
2644
489
1730
2452
2944
363
1650
6303
3304
3467
7428
5962
7995
9449
3316
9048
4386
2225
4482
5257
5429
7547
5462
6641
2983
4294
2939
8921
1342
3356
5413
6559
5963
3275
1811
4689
9691
3089
4237
7893
540
4968
867
9915
1301
1128
3753
7053
1293
8709
5934
58
6891
8066
7779
7761
8940
8983
7058
2135
1561
8724
6411
1161
1864
8872
5949
4069
4179
3820
1451
7048
2639
6117
4309
4696
2638
9924
6545
8657
8599
2398
3661
7755
8209
4199
9
4172
5830
852
1810
3028
5350
8505
5581
6156
3097
3696
9956
8521
6662
2716
7600
5789
451
5166
1331
6846
7368
9541
3805
6682
1440
785
4627
4536
1460
4533
6304
1867
3724
384
4565
1758
7865
7543
2705
7669
2263
3061
5807
603
9139
6026
6313
3205
8646
370
3130
9169
5838
8857
9898
883
7101
796
6477
2035
8508
2971
9408
6127
4554
926
1732
8069
769
7759
4951
7557
2002
7666
8815
5633
9987
1366
9908
7420
6449
1858
2542
3145
4992
5382
8785
8078
4216
6586
6688
7844
3251
9208
9087
732
1594
98
9686
932
2000
3404
9501
7621
7902
3843
9801
3453
8196
9683
8878
5816
8396
2419
2390
1032
4413
9007
157
4362
7591
4392
5899
6907
7528
6556
9478
5478
3137
8873
9708
9829
4519
4859
2529
9051
1153
9543
1652
7887
2429
1943
8350
1897
4259
1977
1312
3496
46
1984
2487
5420
8129
4335
621
295
8432
9109
1497
3362
9716
3017
5248
2347
8457
1926
8216
1589
5861
1739
2212
5919
1318
1807
4128
9661
9674
4604
5718
2403
7060
2185
7711
373
3374
9701
3942
3685
6483
5712
5386
6458
3775
1030
1809
4067
3507
877
1565
7685
269
4503
6146
3393
2693
6423
4025
2259
6132
8076
6301
3228
5408
580
2122
8601
9693
378
3182
3226
5067
405
1742
755
3956
7349
9327
9403
2978
109
4403
2315
6802
9075
3437
8390
2787
6664
6065
6605
1576
483
1471
9646
8328
160
6555
5264
824
243
1606
2798
1143
3678
731
4042
8748
4131
4092
5754
8989
4711
8757
9527
6283
3146
5477
6520
4161
4982
4573
7111
1506
3542
6980
2560
6755
4767
9531
3783
6222
9620
8126
8941
9494
5954
2629
3267
5158
5174
2418
8850
5548
5410
7814
1384
8864
474
5906
7446
8949
1662
897
1584
6785
7260
5879
180
179
1118
9484
2880
956
5304
8662
5211
6189
7920
8193
447
9435
5925
8683
2893
4055
544
6495
6114
9082
9705
3671
8911
6010
1019
1583
3488
1207
8180
3355
7632
8424
3053
5149
6072
8677
4555
6257
4679
9887
945
9998
4459
1226
614
5342
3034
1086
7696
5259
4803
7508
2664
3762
2131
6767
7021
6487
1871
7939
5685
9592
1478
6698
4935
5782
8503
4841
6223
8794
8313
1627
3248
6960
6502
7644
2797
7783
2810
2967
3823
1525
9776
6260
8241
6314
636
3899
4967
7013
7026
4805
9230
7743
2554
4988
9871
2358
4394
5201
4123
5645
6761
505
3369
1824
9423
6434
3699
6594
485
9346
8305
2926
7088
5500
6229
6462
2484
343
2076
8814
8477
1727
9886
4455
7330
2830
1740
8294
2573
4021
1987
1241
83
4702
4826
8695
412
4490
1151
6814
1068
8057
3194
6284
4710
7390
185
928
9221
8908
9520
1597
7006
9905
6437
4333
4979
3148
230
2891
4997
9313
7771
3122
2454
6889
9379
9268
3335
1986
9869
5800
1495
6812
8840
1804
4996
2599
3199
8823
2776
3116
8264
9144
8929
8530
9292
1602
1274
7604
2276
5256
4460
5084
6613
7714
4977
6571
1689
6293
3687
5300
8318
3461
2793
827
673
4253
7977
7500
3208
4836
4477
291
7559
3975
8267
2933
6518
6279
3047
1313
8280
2852
589
6549
8474
1768
2420
7727
251
9931
1300
6019
9681
7806
9213
2737
2058
5039
2289
96
5318
5854
8265
6385
2866
5007
7813
1194
9596
4580
3414
4705
7268
2612
3303
88
5003
9778
8224
8968
1969
8258
4619
8378
8456
9966
825
5552
4463
9688
42
3834
3729
4330
7579
6401
1499
8418
3339
9969
6424
2108
1721
6708
9696
6252
5590
5096
2517
374
7766
3777
1639
7934
2326
2456
2471
3016
5591
9100
8406
3939
2313
4178
2547
660
9922
9510
1453
9548
2998
9477
2701
8627
9557
1978
8052
8170
7705
7852
2113
6622
2184
9189
3508
4592
6491
9835
4699
6432
7694
9722
9703
8807
815
3058
2687
4439
9237
348
2536
55
8380
3502
8463
326
3808
8494
8966
5517
8687
8426
1065
2607
5678
8837
4629
2030
3697
8192
2568
2623
6624
4391
5179
3083
1281
5361
1091
3617
4650
9730
6840
3928
5908
8656
248
6078
7069
5901
2073
2501
4620
819
9333
3104
6655
8979
4681
188
8710
9197
4304
7055
2975
210
8603
8928
8056
7475
6150
7522
5508
7469
1345
1348
2424
1473
5558
574
998
8613
9246
7200
691
7325
8049
8068
6977
2367
7169
7567
3949
3337
5572
1452
9038
1898
3098
3615
4502
8720
3722
5942
6848
8915
4795
3889
3377
865
2365
3964
3419
1380
6005
6350
6040
6042
1129
6039
5438
7034
3425
7973
8342
6383
6944
1981
4212
3024
8803
6982
9308
1285
5268
1998
1213
3500
7211
9476
5455
6235
7397
3680
8359
2767
2355
5943
5192
3295
8144
3997
5394
9565
9742
1245
5443
9834
9859
6276
5351
7343
9591
9304
2854
7989
3458
7011
7846
1564
4094
3723
8054
7701
4957
6673
9815
6208
1822
8288
4963
37
1860
4240
1403
2083
8452
2656
7396
1944
5446
8292
1268
5631
8392
670
1290
9996
1482
4765
1951
5178
1390
5335
8317
6493
6870
5169
1812
4274
1937
2465
5296
5167
6998
3290
2079
3574
6515
7040
7507
4105
2579
7821
86
826
8225
7704
486
627
7805
3075
777
5715
29
5818
870
9401
1989
3486
2085
2645
1839
6012
6696
2982
7571
7860
8206
2017
6103
7413
2847
2337
7077
6994
5510
1115
5332
1514
1079
2675
8376
654
66
3813
7232
6620
5347
7904
4907
6854
2923
6060
1010
3629
5623
2
6517
6945
4013
1738
8215
5422
9665
8859
3474
8451
912
4609
5279
1548
5750
6274
3503
5892
2295
4773
7715
6029
8819
192
366
8195
9238
5992
3632
1249
4652
8187
7230
2841
3567
448
5452
5023
9121
3105
9037
1598
4946
2616
1242
7337
1541
2098
4824
5614
5840
460
9831
3940
7697
2948
334
3731
2957
7243
5742
7046
1664
665
6081
4778
3165
9043
7038
5536
8714
5938
4292
9587
7320
4220
7216
4792
2941
7997
3264
7616
7598
943
8352
7700
3006
7695
2156
2820
9481
3579
2617
9918
9345
7926
9662
8542
5813
4321
5365
6323
5090
2042
9700
1479
4478
1148
6427
2134
8316
1279
8920
5005
854
2173
4648
4781
7423
6312
4097
4340
7877
82
9685
1752
3866
4103
737
3806
8104
985
246
4120
6924
5485
3892
1416
3847
6289
851
2441
3287
9532
9115
2658
9323
5472
9883
1476
212
5489
7712
3991
3252
3446
1889
4229
5725
7137
44
8884
4104
5779
4280
9377
618
2399
1172
7177
9507
1360
7731
5918
8800
7199
4299
5520
1904
9668
8922
874
8582
500
5875
7883
9692
9984
8159
7607
7440
3638
7917
8336
1211
1746
4915
9989
1459
911
1254
6130
7178
125
1173
7523
2817
2475
9391
9296
4142
9194
876
6464
7952
4154
1538
2953
4540
4993
9065
5903
3524
837
3977
4890
4322
4568
7073
7710
8423
6122
5364
7665
2164
3131
8751
6309
5081
2057
7415
2718
9928
5847
2395
770
2844
4495
3418
661
5431
3297
4958
2427
9684
6606
9800
5546
9173
4931
5654
1415
3015
9909
7451
7297
6575
7139
9728
1344
9880
8888
5516
1956
9392
6564
4917
9447
4506
3412
1385
13
6143
7657
4282
1596
8416
6996
6778
3082
772
2562
8229
4796
1
1563
6082
4516
9690
4616
6346
5481
1815
9744
4587
8896
9497
4763
2044
8172
921
5040
4736
2853
473
1519
9917
7284
3887
1890
6169
7193
9845
7675
1438
1993
4467
7238
2544
8274
3344
8681
4251
8543
1359
1376
6202
5737
6047
1191
8442
6615
8177
2318
6801
2199
9289
1849
8584
2176
6134
4727
2731
2227
4349
2714
4397
6394
5162
6416
5621
5348
8976
5945
2132
9000
5165
7319
1484
9677
9287
2826
641
6835
3755
80
5079
3388
4308
4337
712
3885
3434
9060
753
3797
3641
6099
5425
3321
610
4033
1699
7609
6654
2139
2905
8112
2995
1936
3087
7914
5004
595
3746
8553
5381
5339
1383
6521
9689
806
9583
632
3406
7524
4575
9154
4929
7900
3184
3863
5698
8591
9794
7398
6308
7815
3044
4000
6380
3417
1756
9643
8021
3387
3204
2604
3525
3289
5917
9145
3255
8232
9329
3099
8738
1539
8902
5556
5482
3326
7203
5399
1069
6338
8006
7532
1493
5021
8568
6570
84
1748
6834
6919
6340
2137
5966
6716
9130
2480
1146
7104
3655
6074
4869
2873
6291
4165
7623
648
4317
2892
4238
4315
6154
2321
5380
3785
9799
1292
6963
2245
2297
1633
9336
3869
2795
7236
6879
709
5274
7619
1437
7555
8117
9774
6136
372
228
4334
526
7240
2559
1216
4007
3366
9348
6807
8612
3592
8284
9138
812
4368
3144
6783
2203
8948
6858
9717
9489
7022
1411
2836
7012
9378
7935
6071
9740
7592
4737
9008
398
1157
4389
2416
5616
2195
759
7517
6244
2457
9498
2115
8898
7378
2437
9176
6899
9610
6102
333
2477
9446
5846
3450
2469
2757
3258
5122
6123
547
2086
9097
5044
8491
8162
7118
3712
5479
8286
4618
4855
87
3526
2876
8551
5240
3106
7717
4814
5700
869
5423
1253
322
549
7184
8515
649
9765
9341
5997
2750
9444
6935
2151
5814
9561
7505
6966
946
2239
3706
6261
1303
8420
1074
4133
8559
5202
9848
1653
9461
369
2766
8167
2343
5885
1103
8528
3531
6474
728
4263
4779
2155
9982
6895
3129
980
9078
6254
5113
1843
9253
3553
7353
4035
6320
9828
4547
5999
2038
9426
1125
4525
6712
8252
2462
4449
6987
9465
816
3713
8255
9813
7399
4567
5436
7279
8053
8312
9367
9158
8731
9644
2777
9455
923
7302
736
1021
1999
5015
2344
4962
6758
9187
5795
571
7526
5038
8569
2576
7218
5253
65
706
1868
9226
2888
9522
5042
6770
6955
6232
9474
4329
3012
5036
1618
4530
1850
6115
7076
1244
8912
4853
4873
2861
9606
1117
607
9764
4303
244
7863
8306
1733
5771
6435
6983
6110
7443
3402
9752
1621
8353
7778
6724
8913
6887
2897
738
8816
3864
253
6285
7768
9609
8354
4265
143
6062
5676
7646
7025
8012
8486
6546
1037
41
858
5344
6057
5802
9441
1530
748
6216
1158
5053
9530
8289
2828
6406
4636
8728
6305
5519
1248
1884
4410
171
6414
590
2609
9390
857
43
2120
5435
1515
7114
2302
7386
5792
3173
1450
6451
1620
3429
7120
616
497
4236
2436
7982
9743
4244
3169
6370
9575
2773
151
7250
430
1887
7737
8469
7706
6247
4318
1550
6650
8832
7369
9458
3709
9270
5592
7925
8235
7340
299
1523
3133
7978
6584
8015
5967
9721
2201
5405
6537
8135
4432
5035
1422
5667
1591
1436
2161
2509
3394
8905
3093
5990
5605
2450
5273
7636
5930
3872
6093
2740
3247
9872
1593
9805
4557
1420
1782
5575
3691
1341
2503
7044
5000
4856
4130
9806
1952
2158
1709
342
2401
9775
2516
8972
5823
7371
8931
640
6617
1912
671
307
435
7005
5449
1355
4741
8310
4919
2380
8014
2014
9830
6180
515
951
391
1995
2262
7578
962
7820
1075
1092
4257
9627
5041
9359
7525
8663
9148
1736
5261
4440
1568
1049
8092
4385
9727
6781
9041
9172
4738
4772
6603
903
9841
1910
3296
8665
1003
761
9496
2054
1008
5738
4339
1647
2496
4614
1320
5699
1116
6842
6500
3030
114
8047
1149
7189
2029
7036
7434
2391
9549
7801
7873
70
3323
4733
7171
916
7412
1188
1656
2753
6813
8608
9332
3726
8744
752
3841
6197
2278
3108
6233
5684
6910
2063
9964
4687
8484
8119
5757
7691
1688
9071
9021
7631
2094
6539
3051
5841
381
6561
3788
6165
2981
301
456
207
6922
2331
9820
9851
2180
1637
7276
2634
7158
6209
7421
68
979
8918
3298
1582
2805
5116
8622
1058
7123
3310
2566
1692
4360
9118
104
4714
8444
4148
3917
6192
2366
2678
7213
2794
9077
8770
5675
1880
5898
113
1033
8361
8441
778
5359
5567
7187
767
5266
64
6478
4828
4012
2843
3896
1765
9782
5050
7869
7164
6524
6297
5176
2330
8011
6918
8005
9254
8548
5743
1110
6186
495
4347
4374
7086
5820
7357
438
9334
1881
754
8165
3623
8091
2237
5612
3703
6494
3492
7790
1505
6358
3510
6075
584
6450
5398
1914
3203
8111
3986
3578
2829
1228
3976
6020
9340
6113
3645
7281
6466
5587
1006
6551
4785
1031
3955
1278
8692
1857
3772
3056
5866
320
4079
3593
4638
934
5025
9876
3883
11
2303
5080
8713
7703
8481
3894
4611
9157
6658
723
8356
3913
2673
7311
7491
3595
1334
4288
2422
9462
9656
556
5969
2304
4913
4707
9369
1024
9404
1175
5016
6764
7698
8763
3443
1304
8291
9738
5883
3586
6558
4995
2633
3606
2814
5835
7099
5502
3702
908
7912
2265
1819
6262
7242
4513
8682
572
4613
4028
3158
8269
860
7167
6666
1456
554
5453
4514
7614
9550
1997
202
6282
31
3463
3609
4698
1489
862
8438
9930
1728
9291
3331
6003
2218
6221
2483
22
6908
8319
4999
2287
1828
6763
3361
7819
5761
2980
3231
153
3313
2459
2301
4271
6311
2371
1423
2514
432
3951
7855
4817
3932
3903
9975