5816
2160
5639
3060
5548
7463
3138
9196
2882
6787
3737
6022
9110
4271
2523
7207
3821
4076
1240
9576
7733
3335
379
9769
36
2078
4860
5206
4053
3012
8216
4595
3032
4569
5151
7545
4662
8491
9265
4699
3564
7413
1152
5719
17
9335
2226
3531
8978
3464
9922
4533
3081
3996
1599
9315
9750
6539
5016
9029
1672
5809
3524
3396
4042
6036
5309
7968
561
4640
4073
178
5803
8125
5196
2247
8470
6753
4915
8561
9337
9615
3053
606
3580
7550
7362
9561
1446
5362
8947
1588
4822
4199
457
3785
2761
809
7254
7193
5224
692
588
7557
9617
3599
3352
3700
8504
4104
3548
1340
9686
5272
6659
6295
2858
3092
6595
8848
8377
4393
6473
7150
6640
982
360
4937
5043
6379
6602
7448
3863
1212
4780
6921
4295
68
9714
8951
5213
6589
345
8805
8856
6829
4299
4889
6058
8209
9938
2472
9781
1934
5889
64
721
7795
4875
3372
2382
1787
3259
9729
6744
2645
3122
7062
1356
4566
8437
4440
9567
2328
6342
3775
1987
7971
179
1595
1348
8846
3517
4449
5886
211
9528
2694
911
9343
1314
7964
3924
1130
4694
2784
2695
5395
9798
7990
7491
7050
6548
2699
6046
7094
9154
1317
9480
2323
5456
3441
8259
8855
7704
2400
7363
1388
7170
5013
7567
3981
7505
4005
1072
9275
8153
3801
590
8211
2254
5936
7028
7059
7927
410
8702
3079
8215
4110
1049
2936
8980
2460
8309
9586
6188
1230
9305
6776
3544
203
1963
24
4071
9701
1752
2573
1030
4818
1872
6478
8462
9532
8634
4776
1662
1903
9374
8750
7313
3133
4374
4565
2580
881
5556
1556
4151
8022
9278
1075
7602
7727
9736
3336
9635
7339
8617
7814
5539
923
8455
1665
7951
5450
9078
87
8678
1923
3058
8422
4473
7898
6955
4627
5608
2459
1803
5191
2209
6460
9263
5466
7997
6086
4590
6775
9856
6491
604
4366
3830
2162
209
308
4832
4484
3454
1197
4944
1302
2891
1558
336
8172
6078
2931
4085
1036
4471
2710
7407
218
4831
1397
6766
1122
9574
318
4510
8028
7217
8916
3031
4803
3480
5844
3637
9397
1137
98
6737
8269
5847
4963
2139
6458
4035
3231
5128
2245
1807
4433
7777
265
6935
8998
9866
4852
5584
3309
380
7664
6396
6526
9620
9025
8991
798
9493
7435
3249
8311
9854
4855
4610
2246
9905
1669
3482
182
2149
9660
5345
1278
1477
3563
5393
9827
4734
5595
714
2222
3394
683
2852
344
648
497
1409
9075
9836
4031
9224
9135
8926
8050
2144
2527
5992
9720
8593
9715
8444
5202
5626
2066
8054
488
1444
8146
8443
3811
5604
5529
7900
8618
1250
8361
4742
2322
5897
8318
6415
3347
8992
5185
3192
4485
7234
2113
5021
9743
3316
4921
1597
1854
1869
2915
8202
9675
3037
4103
2027
7715
8174
9533
7478
1439
968
4615
6013
6285
756
6565
3827
7052
5817
6821
5426
9537
5937
9912
4492
5472
2813
2854
2274
3777
8030
2117
941
3430
3635
3284
5590
3318
1937
5971
1719
3466
1907
7231
6671
3393
2286
9231
956
3883
581
9860
752
1393
6946
5114
9956
6872
9818
2432
7153
248
4676
5680
2241
4332
7205
8629
6360
7589
811
5343
7353
3593
2165
9417
5713
1571
8863
2405
4811
2597
7868
8079
2860
9915
8293
4999
2346
2908
1958
8081
6636
245
4080
2678
6099
2443
8523
9389
7657
6651
106
6783
8100
4830
5949
7349
8326
6573
3219
1701
5369
6153
8390
3515
4618
1846
9439
4456
3242
900
2873
4980
2248
9209
5831
4864
6191
2785
9948
6749
9253
5771
4888
5820
7105
4251
2408
7295
2336
8110
7482
9803
9579
2368
5482
5035
4939
757
7263
1085
2305
9570
4192
8732
7264
9467
6515
3355
6175
2789
5374
6738
1782
7255
8212
8124
833
3988
8273
6134
9270
8692
8600
6643
5751
2721
8076
2351
1238
7755
3770
2545
3834
791
4057
4092
1830
9236
2563
6166
5023
5194
1660
8370
7739
8428
2385
9282
4856
5274
6422
6425
9892
1577
738
3844
1847
8982
1598
7707
3842
1737
6187
5469
5125
299
1005
2399
6723
3151
6059
1925
1902
5500
9968
2833
4061
741
5649
3767
5683
8040
9943
8944
7622
9545
9878
2609
3753
8250
2918
7091
9357
2579
7565
7909
2652
9266
4648
1896
7381
2118
4701
2001
6538
624
2453
4451
1296
5342
5656
7018
5458
7128
8452
1754
3443
1691
8713
6038
353
896
3170
9287
6127
700
1139
8599
9785
3123
5171
8248
9228
8705
3382
8143
1405
5335
866
8280
9970
4230
9927
1222
6975
2393
6084
1359
8187
6689
7232
6996
6985
7504
733
9633
8934
5201
6603
4452
6431
7787
7405
2006
3640
893
6474
7875
7980
1448
6357
672
6588
440
557
1709
2369
6312
4989
2258
9313
2133
5970
1445
4400
9558
5733
8427
6998
7488
2599
1260
5082
3672
4044
1518
6922
912
5152
4439
1676
2508
7236
6815
4479
5716
4153
4054
7578
352
7965
4560
3854
6315
4248
470
7347
8963
1851
4576
3994
7072
764
1455
5054
8447
8264
2273
1431
7320
8911
429
6669
7815
1670
1859
4511
1531
9407
1639
3275
7949
4770
9706
8145
9608
314
8965
7837
4540
2151
8092
6278
9273
8197
7384
296
7778
7394
8812
1504
8517
9508
2023
7045
6070
3064
9655
294
306
7743
4645
5235
7847
4733
2740
6822
7311
4487
6497
4660
8154
948
5725
1748
8489
993
7518
3475
8592
8616
8568
7332
1202
208
5832
4211
8367
4650
851
5078
734
1729
4879
4407
7534
7086
6468
930
1203
5763
1076
9564
8673
1428
42
391
3781
8121
8345
8057
122
5647
1706
3653
1519
5467
691
2841
2571
4525
1710
5864
8023
4664
2780
3914
7737
850
4165
1181
8077
1332
4953
446
7315
9604
9156
8782
1512
1406
8349
1812
7473
5236
5642
4813
9809
2831
8834
5009
3111
7525
75
8905
5133
3433
4060
4702
3728
290
6115
1089
4170
3698
7063
1771
5508
9746
5311
9885
8948
5421
3550
9312
7130
3905
9262
5400
2712
5147
4196
9307
4015
1611
3926
388
7386
858
9368
9947
8368
7432
431
8265
6169
608
7271
6758
8046
126
3414
3011
959
7543
5438
3108
2792
9145
2826
3565
5227
123
5253
5443
1663
2734
7077
137
5039
6798
4876
5554
300
6420
2692
1740
7418
8994
1538
8171
3452
7401
6356
1081
3869
5676
541
2615
227
3153
9972
3086
6114
3724
5290
8937
4264
3279
9157
901
4567
267
1779
2414
7199
5197
9289
9256
9069
6044
6774
198
801
5105
2947
5494
799
9484
1086
4736
5349
817
8362
4548
2119
2570
5955
7443
5100
1946
7889
9817
4521
5871
6586
9494
4877
8799
2981
8890
6345
4853
4458
717
8401
8986
2293
2130
8584
9552
4470
6632
869
2928
1720
9251
2677
5769
6808
5531
1374
7176
3910
7210
1046
9619
8270
1686
8151
5502
3387
8738
7268
2657
2840
9431
6095
5357
479
6650
5010
9159
3506
1124
4107
9893
7866
3190
9462
2208
1323
4751
6392
7896
5204
7340
6779
9869
9318
7304
4956
2207
1246
2407
3595
4450
4546
3054
996
6002
6035
552
3998
7946
1775
4316
9632
2765
4611
4837
1142
2196
2534
3619
4568
6201
6638
7540
1529
8882
4955
6890
6757
3398
8339
9519
4202
8636
4907
9696
1310
8639
9073
6525
2363
3631
6911
7791
4741
3880
6222
905
3050
9713
2374
3792
7885
3209
7699
5973
9301
6140
8475
9344
8190
402
8843
2059
4710
3664
8288
4713
9137
7709
7726
5001
1353
1501
9607
155
6518
4257
9139
5412
7590
3034
480
2098
8321
6836
4287
3129
9243
3146
489
1849
1157
406
1275
880
9125
7991
6154
8258
1897
1080
4297
6026
2341
3833
1971
5437
7749
2214
6794
5036
1255
3947
1254
9178
3804
6543
4169
5306
5059
3043
7940
9013
3758
4633
7460
4687
6584
7374
9990
3644
9551
4538
2605
8727
1817
6389
9793
9448
191
8967
9767
1962
5786
6174
387
5392
7402
6249
3696
7663
6051
4961
5268
949
8016
7345
3374
2068
6232
1792
1636
1055
5288
995
271
8954
8838
5008
8719
192
8851
427
4302
1196
7772
9090
1381
1684
9920
2668
682
8328
1118
8532
8707
3694
1655
327
7096
3928
2808
7850
2085
1345
7186
7351
4968
5952
3872
2669
2120
6270
939
5284
2121
1256
2256
6337
9162
7597
1991
6624
1724
4037
97
7265
2934
3614
1201
4806
1955
2084
7288
4894
2635
3047
7882
1209
3927
1292
3917
3704
647
6566
228
5923
7706
7643
667
6252
7414
8296
9777
80
9900
6433
8410
676
9944
6218
6667
5252
4945
2640
472
3243
3294
6301
1763
4328
9806
3397
9978
1453
7833
4256
2901
3746
629
8421
4254
7561
2086
9082
6214
261
1251
3740
3655
8374
9485
3832
5220
3358
6226
6018
1432
2727
1098
8294
7140
8164
1627
2954
823
453
5440
7294
3310
8679
7626
4605
5334
2687
2815
6185
7630
8935
9006
6411
976
4180
8459
5652
9046
4205
3509
1643
9340
6743
1318
5159
2315
7907
3749
7341
165
4312
1548
3494
9384
6194
6101
5792
2675
9242
4724
7893
4723
1289
6118
1675
95
8453
6276
7109
8359
8041
5057
1998
3489
5781
5907
742
8228
1434
9164
2387
1411
2476
6207
1594
792
3156
7293
2124
9977
6697
2751
6851
2986
3381
9016
5419
3603
2115
3474
697
5319
9562
9274
33
1272
5453
4136
5457
6283
2041
5696
4679
163
1320
3246
6344
8074
4975
5888
7503
9682
1891
1610
1778
6661
7289
7184
6578
9871
8461
4294
9338
5524
1760
3342
6590
3127
1437
7430
5077
6160
8520
1143
6649
4678
6
2775
2631
6592
5618
1395
2145
6695
2227
6908
8842
4448
5263
1210
1661
8067
5336
419
5069
9663
5570
9748
7299
4857
2233
3125
1182
7690
3169
2562
3667
9765
1561
405
754
7317
5166
9259
3417
9884
2497
3624
4670
5033
9347
2002
7982
689
4412
9148
962
8198
2111
8950
1083
8130
9949
6797
8001
1360
6477
719
8043
3350
5744
9804
6577
5810
1120
9074
3571
9189
4638
1319
5200
2290
6438
4351
2994
3683
7720
4062
5750
2057
3446
9428
4098
3410
6664
9512
4004
3463
5640
5019
5986
6177
1685
8402
6897
8534
9745
1103
947
1969
415
9764
3567
607
4527
5042
1273
5018
6064
5947
2474
8167
4604
4847
4238
3090
1368
3881
7662
4152
5846
4019
53
1666
5178
9616
8942
424
7006
9239
4764
5029
2376
1970
2495
8518
8132
1261
6489
4416
2743
1298
6007
507
1114
187
668
4089
212
3273
9812
6423
8853
8821
1051
8439
6351
6262
6642
1365
2429
7409
7849
4681
411
9721
7667
7586
7917
6414
1408
474
5812
907
8108
5304
7902
9352
2904
284
7856
5007
1997
1322
7961
3681
5445
6845
4482
7240
2014
4350
7575
5012
1785
3779
2316
8628
6009
879
3508
806
2283
7331
7204
9906
7203
3326
3481
1249
3377
1027
745
3126
9907
9323
2924
6862
8578
6133
522
2028
8923
6598
5734
2060
2877
8003
8485
3319
9062
254
4494
7218
4486
5088
5924
9129
3887
4911
1259
2755
4325
7642
539
7009
141
5772
4212
7617
7953
6328
7164
8570
7793
2671
7274
99
8389
3957
5765
2261
5108
5198
8317
9673
929
1503
5580
3226
9112
5103
6812
4250
6662
1795
9969
8893
4090
4047
3828
5238
708
2903
8783
1850
6941
8977
4198
6546
7012
9669
9719
1777
8373
5246
8763
9445
7023
6150
6102
8068
9670
7753
3908
2383
7774
5221
4324
5596
1825
2029
8139
1243
6647
1552
2952
2690
9496
9171
1711
9758
6550
9989
498
8027
9829
1914
1940
6909
4561
584
4901
6391
6280
4421
3722
4133
9862
8469
8683
9756
7986
973
5964
3605
7781
6727
8564
5884
3671
6230
1972
9988
5727
8454
5487
1214
5633
5363
3612
4157
3539
6398
4161
1542
1875
1623
9945
5892
6024
9957
9835
7244
5966
2494
6691
9614
9831
4498
3990
8281
2951
6879
303
6511
2076
6562
5037
9986
51
4502
4278
2865
7483
6129
9330
4801
8710
6788
2053
2611
6073
1658
6665
1131
2331
6235
3944
3198
8353
8473
2566
2359
9475
5764
8113
9415
6155
4748
6017
2540
7373
6199
5136
124
8858
4971
1609
8186
3019
7230
2338
2763
6746
2402
6542
2628
4465
2475
3747
2637
4583
2672
6820
9550
8320
9325
2089
1167
9644
12
2726
4270
9807
8837
897
576
4237
217
2356
3989
9645
8668
505
4164
6896
3008
5501
2835
6899
5373
5002
9559
605
6700
5574
7182
1573
580
3076
8206
4386
6107
9711
2171
4399
841
2229
8528
3608
4988
70
9363
7249
4908
5893
938
8741
9268
3939
4661
7426
6618
2973
3148
3647
1858
9623
103
2693
251
8425
5522
2300
6688
4322
9924
2798
5873
4086
3898
2409
7076
8278
4259
268
3763
874
6556
154
6842
3791
8544
9708
2624
1758
5325
6210
9500
2466
4340
4964
2757
2324
2941
4290
7215
9548
6020
9453
7773
9882
2141
9489
4884
3338
3634
5828
2036
1648
2003
6702
5356
3965
6331
8703
1866
6004
6196
1983
4551
4712
3172
6015
4746
2790
3878
6339
4732
594
8999
6490
5504
319
3150
5455
8088
3391
3587
3112
6469
6629
2871
1560
1096
5315
448
2437
2423
1442
5821
2893
9108
9739
1604
3332
2269
6912
4942
3715
5015
2817
2025
2477
1284
4109
7370
2289
7475
9050
4591
9668
6314
5348
1951
4646
6616
9411
9378
9849
8956
5536
7283
7198
5444
2855
5468
86
6992
1293
1035
23
5095
3461
4313
7813
8559
5746
2473
1141
9916
6554
8573
1637
4184
3413
8356
3068
8299
3979
2754
8595
3942
461
7020
2837
5695
2195
6655
2633
556
2276
3963
2435
5169
4239
3432
2292
1533
3042
9626
8736
2392
9952
8478
8545
1618
5119
5568
5826
1339
9796
2588
2978
9478
6436
7498
4709
8253
8498
6137
3886
2787
9373
7577
2375
4839
780
8122
4292
3367
4078
577
7989
8049
7809
1184
4013
804
4172
3849
7877
706
310
1984
7763
8141
4718
5344
1433
2349
9991
8784
7721
282
9813
5788
9848
1551
3030
7620
7528
8484
3095
4794
3682
6657
1223
3984
9946
9443
9097
1350
232
9438
4600
5585
3267
4767
3738
9889
9676
3135
4810
1065
649
5384
2930
416
4389
9638
4462
3353
8865
4446
4957
6972
9311
3678
7390
8900
5573
2092
5644
127
430
3932
1450
4457
6730
4356
4556
5787
3906
6653
7621
5340
18
5123
2572
5192
9408
5129
3429
2821
4043
3802
3354
7507
2421
6889
3114
2772
9247
1367
7097
4643
2890
6740
5784
2344
5091
9293
707
9358
1881
5532
5829
5449
705
1578
3547
3331
8886
7596
1915
1961
8499
2467
5569
9403
1718
6792
2481
5702
9367
2404
85
371
7333
2521
7149
5503
3843
8457
3819
9009
6447
2604
9837
1924
5293
2664
9179
537
8664
9091
377
2152
4339
5382
9260
1733
5538
7253
7977
2150
3566
9535
6267
6098
7081
6440
1464
2158
7612
3604
5954
4390
3014
5860
4928
8515
6451
5075
2125
3679
8734
5896
7769
2430
1493
4771
4144
2016
1268
6277
7780
6750
7775
3882
650
9843
5180
7464
6958
8936
7114
5109
1266
6253
5711
2505
6807
4938
1815
9575
3455
7322
3860
22
1926
8824
5622
6605
8529
596
1744
5024
9126
4241
337
3207
2129
9845
3171
8642
7445
128
7594
4122
6549
1818
509
237
5230
9299
7354
8157
3304
326
1790
8588
6988
864
1291
777
501
9136
6500
301
8456
9429
2875
3001
5736
4118
4419
9183
2047
8119
4740
1227
9173
9823
7243
3718
9061
4029
1474
8369
5038
9284
1145
3132
27
5215
3368
5533
5081
9362
6176
882
2263
9355
7224
7194
3656
1187
2490
6258
4893
4012
5706
2337
2809
992
3648
5741
6891
8085
2355
1178
531
1074
6581
4842
9504
3087
1025
7942
963
234
1587
9975
3236
4311
8360
6266
3862
2825
2925
1483
2612
4227
200
2282
8687
5484
367
3244
4115
8449
5072
8509
3099
1988
3157
8779
1218
2729
6303
8781
7377
5027
2568
3537
2221
5723
7932
3281
5602
5754
66
4861
2713
4367
1773
1805
8807
6388
8910
3552
3469
8244
5480
1361
8438
553
9602
5111
483
7532
1267
5275
2163
1242
7684
3000
5347
2264
972
7219
5790
2394
3949
5961
90
1827
5239
3024
255
6853
7132
5862
1224
8207
9460
3796
6156
6817
5287
3853
4039
8802
7931
9120
8868
3798
4668
1425
3690
6682
4539
8112
3945
2201
987
9466
4276
9366
9350
2384
2559
7873
6037
4443
5212
8467
9233
8254
5926
4021
1117
5987
8160
2598
3210
7221
6844
5575
4396
920
1883
3633
4075
9689
3385
5664
3714
5671
2489
9516
5475
6432
9876
8660
2197
7421
484
6341
3532
2329
5738
6397
4584
351
464
5361
6010
9470
3797
9151
1390
2048
7553
6877
5416
9225
1112
7152
2148
9045
5940
3438
8070
1762
3861
3490
5277
3442
9778
9096
2592
2514
3902
4738
2205
3007
330
3970
7568
7120
1109
6692
7007
4232
5153
5497
2034
434
3711
6861
7201
368
323
8847
3520
1515
4730
5927
4405
3838
71
5852
6448
2922
2175
511
6698
8786
7103
5922
7428
7178
8804
3577
5870
9180
7740
656
3018
2272
8659
5558
888
6951
3379
4909
4499
1781
2741
4620
5793
7936
6983
9304
5799
7966
1980
5957
9874
4836
9646
7493
4145
5813
2822
2294
7551
1052
2198
2485
796
6510
5720
699
937
9229
6027
2886
3320
7767
1920
7321
9296
2872
3745
2649
3222
2594
8537
1461
5509
1634
4865
9103
1810
5650
4353
1821
5064
8505
7880
77
1522
2691
1430
167
7605
5014
4927
2989
4364
4067
3264
4563
9476
9628
2709
5714
6873
8400
2236
4082
3130
2024
7172
6372
2603
8993
8894
5106
2869
8021
2441
2493
4700
3091
3028
6284
329
7013
9246
4033
6961
5984
9761
4349
5537
9931
2642
6823
4091
3956
355
3871
2542
9898
9449
3609
7481
687
664
2816
3839
1769
7496
6416
1133
9409
494
3363
4737
9405
9585
5519
5141
7489
1509
5845
1667
9419
4754
3774
450
1860
8860
2357
3705
339
8747
4319
9757
9865
5627
8875
4049
8257
445
8267
9966
1626
7346
3824
1355
2212
781
4453
223
9254
5407
8083
1885
4589
4974
4578
2851
1169
5905
164
5576
1808
8406
4585
1496
422
9886
3116
2581
6904
4466
7146
4159
6143
335
9081
621
83
653
4697
2377
4284
3795
5167
8251
1547
5587
9928
1994
7079
3159
9629
147
6311
7089
8562
5460
2827
8666
5774
6648
4111
2749
6819
7037
4626
2907
6719
5217
8743
2856
2551
4280
7211
7034
5429
6944
8210
9971
3476
7316
45
7058
5096
7675
169
3272
9066
5982
985
9908
6864
9717
3507
6179
5299
2867
5045
2032
9597
5609
4422
659
6973
8952
7788
4835
2586
7451
6130
4045
4224
510
4804
4463
2097
1520
6401
8681
5731
5422
657
4759
6418
9584
6421
8336
6824
6011
3119
4826
7960
56
2022
6430
7185
1481
5140
1235
6482
9369
3692
108
4437
9285
4016
1569
3695
709
1732
7544
5127
6352
9441
5975
8285
1953
894
7251
2303
9555
5368
7175
7738
7506
9840
3059
8904
7069
767
9202
8888
9308
2361
4515
7975
4828
3229
5594
7214
2553
639
7276
6892
8970
4126
913
7314
1757
753
2896
5282
7764
1649
5493
4979
9505
9314
4671
1620
7754
1809
988
5044
2544
6561
9822
1416
1189
6977
52
1183
8928
9015
62
9571
1283
6869
7033
677
3709
7905
4577
3403
8796
4784
5130
5283
9612
2655
1228
6373
3015
8078
8127
8959
1692
1989
6959
4376
8460
6654
3836
7591
2167
7962
3755
1384
370
1874
7827
7466
9563
5748
9295
6855
5240
1262
8964
828
7419
1822
8436
9237
423
2243
4985
6949
2843
9230
5648
3202
6656
1756
3546
1549
8867
5836
1107
8984
8940
1813
3999
4630
4704
142
8463
885
2503
2650
6803
8073
202
9088
7883
396
9549
6071
9934
1922
8044
7979
5879
3511
2768
8297
8958
2462
5661
2601
6008
3554
6726
9134
2957
6005
9543
1031
2178
3384
7742
4663
5928
2895
1742
8357
4380
9527
2268
5041
4424
3579
5822
6384
7073
4167
5980
8590
1180
3961
8208
4523
2552
1731
9935
3771
3422
3596
1721
1435
291
3473
5564
4925
8193
3657
5074
2589
1398
397
2191
29
7689
6694
9763
9850
8693
3526
9351
4266
7732
2608
3280
4097
5775
4481
3978
7517
5887
7899
9292
5298
2311
1585
6928
6496
8430
6711
8526
7269
4261
1668
7970
5914
3950
1392
2773
3026
2291
170
7420
8387
8765
675
9052
2818
233
2307
8903
9383
8133
3366
161
1870
3290
7438
2964
4544
3803
5052
4760
4936
3232
1526
7415
9390
486
8283
8279
9863
1491
2956
5262
414
9245
8458
6366
2648
4052
91
8759
9244
4404
3716
6192
5210
662
9890
2919
6982
4283
3670
8087
4920
610
2238
6347
8310
5063
8654
8075
1329
670
4476
4008
9810
1584
3743
37
3606
808
2769
8953
1135
7807
5273
54
623
7941
1043
735
2088
6112
2626
4068
4263
9479
4210
5385
3237
1917
2805
1936
5850
6718
4023
7441
1717
2636
6089
2106
5483
4900
4686
9223
3632
2320
868
5665
4143
3826
5265
1497
2159
11
9760
5399
8938
7615
7901
5427
4922
3291
6034
4614
3383
3875
5856
710
1336
4310
1753
6886
7584
5707
9041
2168
1175
7723
6074
4652
8912
2737
7277
1489
4027
6142
9144
7999
4990
2187
6575
5563
3820
1467
826
2828
8699
5859
814
6811
5868
9842
1164
1567
2112
903
6930
6796
3213
1528
6014
357
775
6229
174
768
2539
6751
8508
3149
6289
4444
6165
5113
3362
9716
5921
7805
134
6202
1286
491
4639
8352
9286
3143
4305
9664
6452
2997
4669
5673
3651
260
933
4084
1942
4273
9387
1200
2625
8792
7361
2524
177
5898
5098
4899
9360
1834
5260
9249
2122
2617
3625
7969
1603
1020
8052
4629
2240
6244
8131
5894
9937
6200
4816
8263
2814
2750
4941
2496
9143
4282
3812
5903
1596
2306
7233
465
8219
5278
718
8644
7041
5280
5481
7380
2538
875
176
2935
8820
542
8919
2138
5110
4309
4420
2764
7858
2184
8643
7512
4582
6615
8217
7319
5231
1905
6858
6978
4156
8612
1886
6544
354
2519
3528
1840
6279
8136
9569
8641
910
6585
7083
204
7808
2360
5614
2622
1801
5292
7039
2654
8178
6203
7131
7031
7533
516
7004
7348
3850
7273
7410
3527
8487
3370
6178
2614
8749
830
1174
6029
3930
9826
755
3388
2716
8813
1247
9085
5995
994
2042
1281
1297
7802
794
4690
3330
1429
5660
3923
5270
5823
8010
121
628
6731
2857
2536
6208
9474
9261
2738
6120
7526
2550
4223
5890
7189
2103
4010
7117
6894
8252
7724
1024
4379
6720
5795
1931
2651
1071
2730
7080
7658
7637
9101
1241
8594
8913
5355
7048
8751
3456
6290
5899
1681
1418
10
7242
7035
3788
109
6136
3650
545
332
1631
3885
5146
9070
8034
1653
6041
1333
9819
815
2778
2456
6705
456
2333
2878
765
2065
7068
199
5978
7514
5571
582
8974
7151
1047
8817
9880
8539
8114
1633
2574
8921
359
6880
7768
2461
5365
9021
6633
8042
5208
1716
7681
7992
2723
7804
1011
7291
8386
4491
5654
9140
4984
6938
3175
2009
3892
3896
906
1705
4519
9742
5951
3618
5610
5505
3503
7285
6736
3444
8575
983
5085
3592
1798
685
5624
4216
8704
8806
7216
5518
5782
915
9621
462
9566
6529
9414
4793
4820
2797
8577
2913
9964
9477
1457
9861
1059
7702
3623
5541
5655
1287
1806
3568
8195
7257
9056
574
5498
6628
7427
9194
6075
2630
9064
8718
1115
1404
3044
9987
4108
2064
5339
4213
34
8105
1407
4854
6399
9960
2281
5588
2992
7666
7956
6408
8744
3955
3638
7047
1702
9008
4100
1132
1621
1828
6965
6940
772
2793
6428
2685
5983
3072
1677
4814
2381
7480
4998
1579
1979
9010
4703
8303
9100
1507
9099
6340
9402
5446
5724
9141
418
819
2278
5830
9051
72
4064
8158
2510
7280
2733
7472
4766
5048
6227
3521
4859
9967
6221
4154
8622
6547
9324
5861
7030
4094
9080
4787
3009
6663
2091
5403
6231
4414
8086
6119
5447
3162
2019
9653
3582
2072
4442
8686
3569
5093
8925
4930
7000
4682
8789
9187
1876
1150
4775
2810
2348
4727
3958
293
7272
5011
8414
7756
331
1062
6676
8521
8619
7683
5611
3073
6701
7926
5076
4099
1440
4778
4243
3174
5219
9353
3557
225
7570
9132
3285
8740
2950
5974
5404
5430
6903
500
8396
1125
1045
9161
9302
6755
8191
8696
532
8906
4375
8058
7682
3789
7698
2513
9361
645
8638
8424
338
8015
832
3201
6485
4599
3974
7054
5512
2972
3663
6754
4066
9658
5872
3810
3943
6786
3136
8002
7342
2164
5313
2638
4833
3997
2011
4119
3733
783
4688
7798
4234
4229
9726
9412
9652
7519
2365
6028
3224
5476
2137
6770
8514
8721
1021
4468
6859
5917
6355
759
2516
6986
3238
3685
9281
7618
674
5394
702
740
6429
1334
1155
8830
307
6619
8276
7166
7147
7344
3689
8333
4680
1023
7395
3066
3165
1087
4796
5031
7082
5674
6090
9207
8624
1888
9279
1944
9772
2888
9851
6795
6484
8730
8788
7785
5441
5465
285
3458
3421
8988
5432
5189
2069
2235
8314
6594
2801
3610
1116
932
2985
3425
3907
6479
4077
6240
1048
4505
6138
8915
1913
8945
2181
8547
925
9853
943
758
5623
9495
1207
2708
1534
7648
2681
4706
9994
955
3922
9654
4507
8866
7863
8180
9005
2217
195
5259
8150
5919
4503
8409
3483
1396
4329
3113
4834
3778
5137
1039
6228
9667
4729
3484
3400
8675
1337
6157
5249
8701
9687
6902
6042
1856
6128
620
6987
5233
1265
3600
3969
5055
3253
4623
3180
118
1755
4850
4995
2844
5514
5305
9370
2082
4415
6761
9167
6528
1959
3056
8330
2325
7160
276
5739
7631
3390
1973
9594
4083
6251
8682
8240
544
8354
2314
9027
7066
7623
6419
6687
3409
4298
6610
6860
463
1853
1647
6533
6883
6463
7122
5360
3525
4516
5527
8690
9684
4142
92
9651
2210
9158
6407
514
8434
1871
5188
9024
4641
2425
2413
4162
7144
3487
8316
9109
3744
9406
9727
3287
9333
363
9647
9172
159
9491
1447
8372
9030
1159
4365
7758
3766
1121
5789
960
4596
595
546
4268
5918
5991
3809
3752
8098
1947
4763
9203
6991
9520
2230
3556
6103
1659
6271
4882
1104
9816
9271
6066
2591
8497
8764
5697
8604
8785
5350
2670
7112
3899
7967
7282
125
3966
6327
4146
5257
4371
5801
1376
7494
4869
6979
6668
890
358
5017
4592
1168
4368
4177
384
1700
6198
6205
9985
3933
3261
7392
4088
4779
1539
4372
7250
10000
4120
6865
7281
6674
4608
1545
5245
1094
3035
3448
4904
6707
4135
8566
8902
7918
1919
392
9580
63
8746
3104
1995
6501
6773
7228
4337
5256
207
9992
7665
3176
6087
7511
8972
521
2386
5962
4358
4408
4315
7555
6247
1077
2499
5122
6444
3913
7305
279
4178
8828
4187
1093
4286
25
661
4762
916
4326
7760
3472
9168
9175
5132
1321
2938
3186
3250
8203
6242
1865
4675
8376
2718
9828
3572
727
5380
2759
5837
2653
6587
8268
1555
6885
7748
8519
632
8609
4477
8530
9919
2767
8589
3703
8933
5729
6522
6699
8445
1613
966
9997
7056
5939
2403
8071
4898
3639
1456
6189
9697
7155
7100
5721
8587
6870
8635
3496
4731
2791
9127
5523
6785
1696
3741
6848
2647
3814
9182
1244
8177
2334
5131
309
9731
9391
2419
9280
1554
1562
3428
8048
6790
3447
5688
9049
2270
784
5034
1294
6377
1505
1041
8123
892
8611
8548
8442
4489
6557
6523
6483
3477
2297
2102
6534
5994
246
1786
1088
7366
5442
4388
6563
1190
2613
7509
6760
1764
6048
5553
8615
1784
4128
102
6634
288
3258
928
820
4863
729
3317
110
6274
1921
1823
1765
2967
7803
7328
5302
4150
7092
1698
8323
713
9941
373
1205
2744
7476
2686
5401
1352
7770
8819
7652
4552
6069
4253
7886
6597
776
1234
8418
7398
7884
730
6934
569
3395
9534
181
201
9031
7389
7928
8887
6778
7357
1313
8757
148
3897
6742
7958
4790
3299
6117
206
7450
8671
1829
4632
6343
6288
8099
3825
2955
6323
3440
3717
5266
8553
5251
4432
5858
1833
9513
2397
7572
5351
8231
3217
8065
8020
4395
9377
347
7057
7429
4597
8183
162
8243
589
8095
9940
5606
3298
1889
1264
9657
5161
5958
7270
9699
7741
1766
3360
8981
1482
4815
6827
266
8365
4917
4965
4655
5118
439
8019
3071
2940
5121
7431
7067
6030
3498
302
2157
1003
7573
1057
1506
8226
7783
9121
8236
3013
2796
2406
7817
5591
4255
4127
5516
5959
3533
7129
7911
9032
3094
7710
8841
7183
9106
7810
5797
8304
3378
1476
401
1151
2147
7762
3107
6784
2739
4226
7423
3684
7887
7633
286
6321
4063
6104
1734
447
7697
5330
6146
4890
8929
2560
5205
5154
2502
5359
5411
6065
1523
523
877
311
810
6953
3977
4536
716
9212
3255
1452
5232
3972
4342
1893
113
9577
9867
6559
3874
2176
1641
473
5148
2620
5612
7685
9059
5410
4173
2126
6709
6294
2094
9791
8060
4887
8090
3389
4176
4059
7123
2448
5247
8149
8247
2863
2012
8766
9895
7691
7459
4434
6211
8005
8549
6882
3412
1347
9973
1459
8306
921
8398
9220
3117
3607
5938
8811
1582
6721
1615
3668
3574
3761
5354
7952
9961
79
9232
1379
6383
1346
5337
5193
120
6504
4459
7959
7040
3702
1646
9346
3799
2807
6963
1513
6068
2929
8563
3760
1841
7447
562
8192
8138
3124
7168
1192
614
7382
6305
6947
6239
2836
7325
325
8979
194
8742
4517
7870
7694
749
5084
8565
1
9965
3002
1387
5551
6627
848
3292
6681
2026
8101
5779
6016
9695
5222
8305
6954
140
7996
8032
9556
6081
1004
158
2578
5547
4969
6710
8007
4609
4208
7036
8895
4918
2373
7490
886
6976
8605
3912
7174
433
9637
8661
3562
6054
4275
3204
9666
9498
6353
7383
4870
7064
2745
2081
8808
2518
7797
2224
2965
8072
7434
4896
5003
1566
393
3500
4692
6923
3183
6144
3327
7854
1280
9805
751
9962
5353
9321
6679
6158
8793
4000
3535
4413
2971
4726
4024
5499
7934
3262
5092
1054
8395
2711
4206
7297
3510
9904
7471
129
3676
2557
7078
3189
6545
5855
1492
7032
5126
1311
998
6670
8029
4895
2161
8632
3004
7587
8080
8861
8364
9801
6989
9859
105
2396
7372
6260
1443
570
7541
3731
4624
571
6049
4931
6173
2949
8233
1078
250
9054
2364
5766
135
8826
5586
8908
9218
7614
5963
8039
6350
9692
6690
432
2596
9328
7840
8803
9465
264
8201
5506
107
8495
9221
8274
8166
2980
2049
2215
4036
9011
9640
1394
9385
3921
4619
322
902
2309
8301
6645
4217
9394
4935
6476
2883
8260
4058
2760
3817
7367
4190
7365
1715
9252
7945
2970
7378
8586
6443
1730
7465
8379
9560
5678
4007
2480
230
9883
7831
2786
5778
9879
3260
8836
602
8218
637
2939
3782
2134
9199
6025
1606
9674
7360
8869
1138
8909
6354
2676
1469
812
9331
6108
5667
6139
1704
2848
6151
8035
9327
9191
8284
4547
5726
1015
1674
8084
9269
385
8625
1635
50
4038
1629
8665
9590
7790
2135
6843
6272
1592
4454
4574
8477
9521
1954
3020
7102
7226
3010
9003
2298
2431
1502
5545
1568
73
3765
7929
2933
6495
5388
6453
9033
3995
3471
1601
4673
8655
316
4844
6263
5776
2529
4647
9766
5941
6637
5135
6493
4293
5877
540
7673
5562
4951
9087
7022
2945
3739
88
9641
9451
6725
769
5613
1309
2736
8148
3006
8492
7687
8885
1741
1068
6553
8290
1703
4672
3807
1204
9084
3601
593
5592
6507
2074
9773
4496
7126
3025
9740
475
8220
8870
3776
4344
9959
2116
8061
5853
7359
6488
731
5666
2426
1362
7017
7470
8728
5070
7495
2332
1750
8116
8344
1402
9316
6857
7337
5906
5526
7593
7053
5670
6560
1751
4378
6763
8343
8142
7933
7424
5150
1908
3516
3780
7457
258
984
4333
400
9043
7235
7195
4141
4743
7558
3723
2554
5391
9531
5104
3346
7930
5761
2275
1852
5977
8399
843
3602
6462
1488
1033
6600
7524
7241
5000
9035
1746
3328
9188
3240
5895
5530
4137
5950
4792
4695
4658
5815
660
146
4185
7688
2531
3543
3686
2073
8256
6800
2714
6927
1910
3627
9963
8987
6917
6660
555
9501
8004
2015
8381
839
2656
4046
4541
8946
3645
9146
3163
185
6739
3276
7978
6259
5006
3829
197
6248
1996
7910
1843
3074
6286
6925
2487
9659
8064
4891
1002
3707
6929
3975
1761
4932
3178
5086
6125
4095
7812
7843
5718
1544
7548
1933
112
3407
2478
8512
857
9116
4812
6609
9022
9160
1324
6304
1258
1119
6126
4478
7318
9775
4572
3082
8047
3889
6713
8018
4014
744
8771
9038
2979
564
7535
2688
3750
5051
2943
4683
711
4786
7139
2987
3980
1895
4040
4397
7167
7729
478
471
601
5867
1877
7355
3621
3538
8082
6457
3341
8546
3919
5248
2643
807
5770
3154
2926
2234
171
4765
7239
6945
5528
7895
2742
1194
499
2800
3900
9768
9395
1952
2724
2062
9320
9923
3029
5316
3371
4529
6317
3453
8510
1226
1040
7915
9094
8809
1500
3553
7196
9589
695
8663
6148
3041
1410
231
3499
4267
8797
2465
9705
7542
1638
7169
2732
8271
4183
6874
5760
3349
4950
7042
8729
3065
7180
2898
7364
5601
1326
3097
8053
5134
5681
342
1831
4761
2528
2582
7436
1688
5866
2646
9618
1986
6217
8717
8973
9839
1082
1570
8610
5318
6918
4651
8620
404
3085
5138
5495
5605
1468
1838
834
6712
6261
2870
5999
238
6067
6236
389
2051
1557
5572
3340
7417
6325
2795
4001
7692
1460
3786
1682
7335
7680
1191
2388
6646
1774
7566
1516
3583
5174
9788
4168
644
3408
493
6818
4125
375
3225
950
4383
5089
8308
4274
4693
818
7925
9780
144
9522
2887
3098
5433
9077
2864
6866
3051
1357
1134
7746
1290
3161
6149
9365
3859
7223
5740
9786
8234
76
7569
7247
3392
8726
8163
9375
1099
9593
8795
5848
3088
3940
3405
8676
723
7287
2108
3404
2017
1656
9744
8272
7158
978
39
1975
6220
6828
2080
4892
5550
7669
9974
4849
1341
3096
4575
8286
3221
8277
3793
7399
515
2100
7554
4522
1335
6170
3062
4755
3434
3426
3951
7327
6950
5464
262
9881
349
8440
6693
3929
743
3479
2983
3729
8232
2319
2788
8162
4926
790
622
4330
4530
7701
9503
4398
609
4782
8621
2371
3016
9996
6517
2606
2249
1728
845
7179
3101
6686
6079
89
816
852
5925
6771
8062
4962
2458
19
9471
9272
8780
7972
7071
3759
2659
9787
9622
2660
4018
9662
4952
6622
2350
3300
8188
8554
9741
9774
7484
3764
4096
1306
1106
867
9205
4791
9698
8698
9770
6387
7005
3674
7693
9200
6852
7639
2561
7811
9481
8814
1315
7343
4903
4656
554
1216
4203
530
9728
7944
9596
5186
6475
6513
2153
4081
2412
1221
8025
5214
5378
8011
3534
7924
7267
6269
3303
5543
7385
7650
6455
964
8648
7955
6834
8423
2946
2782
5291
8754
2486
7404
1564
3470
4117
6437
3399
1383
5367
3502
8411
8103
2673
4377
6186
725
5989
989
3831
2812
1325
8844
2577
9067
9226
5802
1723
4050
3649
7891
3289
3282
9065
6499
8859
7890
8335
469
6180
3373
4423
7730
173
166
6582
9776
346
2353
2832
59
1308
8140
4905
1814
1664
213
1285
5691
5173
5496
1478
2583
6957
1295
7865
6324
1349
196
6395
1061
5876
5165
5047
7782
3241
4711
7640
6604
5117
5046
835
5800
4289
4361
6094
7832
6997
2105
5773
5902
8511
4987
520
6623
1868
5511
2509
8225
9456
2680
7256
3311
5386
4200
6181
7454
1018
9424
6906
5796
1842
7731
7908
2415
579
7290
2308
7477
5177
4138
3641
9954
467
5300
7492
2180
688
4252
8322
4105
4685
398
3529
1770
9665
8790
2378
2250
9461
704
578
5699
2452
4581
180
458
6057
9283
8347
6620
9999
2352
4441
9234
6706
32
7603
4798
4221
1330
1424
6801
8633
1697
778
4996
5842
3584
7107
3808
3203
2370
2880
6131
6756
6358
8706
5972
5163
720
587
4976
2313
2253
277
7845
8711
9019
9868
2892
7002
5807
2731
8776
4370
4524
3195
2422
5637
3542
4403
779
1069
5942
9901
693
8891
4429
2455
6223
1948
7051
5115
272
592
8731
824
2288
3720
8538
9446
7627
1179
273
3891
78
3822
7916
2296
1414
3699
9165
2186
210
244
508
2590
7796
1160
5920
3252
2004
7225
6995
6336
5183
65
7736
5768
844
3541
7439
224
782
7084
263
6652
9290
3164
8096
8602
1026
2277
5295
2055
7479
9048
2174
6190
7513
5190
6968
5932
7600
8969
8774
8327
1063
9392
7412
6748
2067
7835
7422
5933
9544
2050
2966
8378
1683
9098
7696
1802
4598
220
9553
5653
9452
9993
6380
8874
2511
9440
40
4557
1412
1173
9422
1772
8249
4986
5651
4306
8413
9277
9820
9542
1882
7065
9875
787
4490
4981
5863
2188
2038
847
8155
1127
3867
5424
8255
8426
2470
2593
4757
3485
3418
795
5062
4247
4002
8877
3806
2874
3706
35
7397
7393
7301
2914
4500
6197
7705
2079
3314
4573
5155
1090
9122
4166
3894
8637
2912
7745
9382
3344
9195
3486
6772
634
4065
4768
5234
7531
193
7016
7678
6524
1616
1586
1301
535
7963
6000
5409
3973
8009
8647
7759
9435
4385
48
8014
9870
4819
4392
1499
5307
4354
1233
8883
9656
5663
1044
5814
6837
3067
8922
8606
773
9348
4725
3315
4559
4947
599
9150
6486
8204
694
934
5065
5301
2330
3523
9514
2584
2976
7766
9634
865
2958
9838
883
2853
6459
1541
8429
7539
4919
395
4797
665
426
82
1010
8230
2302
1589
7376
7246
9690
958
4134
9128
2483
3077
786
5376
2468
8089
2829
8674
8013
6696
8694
9434
2517
9455
9685
5101
8245
5172
8094
240
8500
770
7029
5943
1475
9371
5589
2326
9933
5617
2906
4391
4677
2770
8431
4845
681
5030
2255
4809
7259
6626
8535
1749
8516
3234
7138
6446
5310
2850
5874
1056
7003
9204
3211
4739
8716
6509
5882
3139
8185
7085
2735
3626
6292
9176
5616
5331
492
451
3069
7108
4246
5956
6216
9606
856
9603
74
4802
3046
9206
6077
4616
1855
9341
9393
7619
4028
2433
8405
4594
3713
3106
6122
482
9790
3660
5203
7859
5479
6393
2556
4191
7455
3075
4862
684
3588
524
9712
9400
5286
7350
6439
8312
2881
8680
2639
7987
8658
8200
7529
4011
3805
9858
3339
2662
4535
4642
3551
8331
5139
6932
2173
2725
5722
4916
9420
7713
1193
243
6805
8576
6307
2398
2317
1422
3257
771
2899
673
7391
5679
5854
9329
3983
6306
4934
136
7171
8857
8651
6814
6506
7752
1743
5686
4318
575
6536
9605
1572
4430
6471
5717
4041
583
5841
5901
8348
9797
9525
7070
3427
5428
2442
3184
9216
2225
3890
6964
8832
5408
2585
1028
8572
5515
899
6332
4973
3866
114
5223
9332
6405
3962
6703
7765
7852
150
6088
1423
1102
2748
2257
6281
5451
6213
2170
8801
1470
527
3578
2879
5040
4966
878
9691
2008
6591
5540
9578
971
6793
7921
4721
160
7582
2911
9953
8762
2948
4878
3677
658
873
8899
3193
5486
8918
5682
8540
1006
7846
3925
1338
4387
1208
3269
2335
5785
1536
9995
2961
6825
737
7841
9942
7816
8966
8791
2932
6673
5413
3462
1012
6781
5050
5559
7538
1642
101
926
6840
3735
8
9554
9076
175
1794
409
8927
5083
5700
5968
476
9
1016
8833
1565
836
6816
3093
6613
922
6402
6810
7607
9722
5534
8325
669
6363
5798
5478
3773
6777
9529
4827
2183
4347
2420
9153
7300
7238
7501
9610
5693
4708
2533
8884
9755
3436
4445
7801
5628
6072
967
6614
5415
5915
5818
6237
3173
9298
1274
3465
5668
3312
6505
5158
2937
3870
9738
6762
3501
2697
7163
6426
4948
5755
5791
8055
8091
8864
4235
3324
7606
9037
3036
7613
788
7563
8551
4769
9693
1053
898
5436
5439
8669
7985
4334
2484
1110
5389
5020
5878
9930
7298
3416
5557
9486
6606
3895
1532
6898
1836
4982
3630
4781
8810
6512
1530
383
8241
4722
4069
7446
6096
5294
1126
919
3167
8733
4079
6876
6881
9258
3730
1574
5833
9291
2707
3271
7449
9506
4970
9444
9432
41
8557
3089
4997
3049
287
9540
9482
7574
9955
3512
5900
3751
549
9427
4113
1034
9723
2595
4130
8689
3545
9437
5630
7757
5732
8829
38
1363
1415
3513
5383
8943
2251
5988
4209
7864
7995
6464
2696
8583
6159
5308
3212
1735
8825
2634
7848
4625
5004
1707
9725
9040
4265
3669
7368
7943
4129
420
5060
9784
449
4
506
7761
1835
8939
6085
2610
2063
6967
9587
183
8990
2424
8542
3936
6215
7192
1878
7703
7310
2345
8845
9759
2728
4883
7645
7388
9020
435
7792
9380
4749
6948
7825
2401
3365
9457
1879
5022
7055
1671
280
1029
7604
1981
4635
6124
8533
3022
3620
4558
7750
9918
3206
7912
4586
5491
9053
2682
6386
9464
15
547
1930
9398
3986
6520
6532
4258
5825
5560
8433
151
9442
3719
1421
9186
8579
1593
6901
1645
603
3754
2977
2990
7049
4562
591
7191
6060
4543
2347
2090
4163
3742
235
6212
1420
4321
4991
7106
481
6531
5981
4384
4707
1873
5061
4355
7014
952
7836
7668
1008
4518
2811
7197
7857
9852
4435
9012
703
4929
9903
7608
1092
793
7008
9083
9509
5931
572
3052
2774
7779
9063
5615
3726
9472
9733
5593
9345
9592
6233
3437
5513
803
9072
5225
3158
1257
3904
1736
9591
3519
6184
9177
61
6268
849
8607
6830
8385
5948
8407
7588
558
8051
5179
8126
6040
6326
8770
7686
7043
1487
466
8745
3337
3594
403
1436
1219
8242
2054
8135
7644
1370
3356
334
3911
7878
9459
8036
5599
9210
6535
5767
5657
2999
5435
6313
3230
9911
3361
2021
4343
7601
7935
9926
133
7411
7329
2703
8630
9832
917
7461
6183
394
9123
7611
4774
3710
292
2820
184
4131
889
846
1837
305
3560
6055
8026
1650
4555
1101
3265
3017
21
3110
5646
5143
3247
7794
7302
4245
4182
853
568
9211
7716
3254
5834
7098
7906
8996
4291
6846
1097
630
802
9709
6413
7660
7396
6039
4501
8878
7976
9732
5737
4281
5759
8552
8024
9917
538
7552
2944
9149
7562
2044
2771
9557
7629
3636
3708
9887
4747
2358
8416
6320
5715
5209
5488
3493
2644
7502
7585
3105
5296
750
438
6376
5552
6767
5675
1188
2343
1966
6031
3590
6675
1800
3039
8474
9800
7075
526
4716
4674
7516
7309
8862
2223
4913
954
8147
239
3406
8494
6839
2500
2114
1358
9896
7838
8472
1154
1091
7920
9356
6105
4528
3301
1217
1220
1550
4335
2172
9294
9925
9300
1417
4431
2845
145
2271
9130
5935
3675
2701
6454
7580
3142
651
1575
1974
4735
5544
3343
8235
7655
4570
6080
8854
3270
5314
9007
5406
8382
3005
5752
4933
663
7220
1832
6195
5635
149
6113
7717
6611
8295
9734
7212
3952
8307
8880
1165
4602
7719
4327
3118
931
6359
1678
9214
3615
1465
4579
4653
6570
2244
1401
774
5582
5753
1967
8189
6580
1364
8957
3666
7121
4409
6733
8170
9530
9436
5327
1887
1419
4881
598
9546
9359
57
3693
9152
2984
4296
8697
8008
2295
5757
3451
831
1454
9737
8627
6635
2200
4659
7530
8985
2304
4331
829
4032
8464
4564
3445
2189
4301
1343
3227
3197
6293
3573
2719
827
7826
1327
9215
4825
5168
2045
8446
3991
4493
4220
1510
5175
5285
4341
3935
4866
4923
9515
6680
9598
8465
3120
7141
3293
1017
701
3200
7462
4362
6052
1245
3768
6625
5629
7950
1982
7523
528
3235
6527
5934
585
8340
3369
143
1943
7090
8714
8451
5857
8181
633
6980
3228
3495
5462
8313
4960
5116
3131
2146
242
7571
8777
8059
3080
6905
3155
3941
9017
6956
216
6338
5267
5910
5979
8920
7308
8199
350
1776
2839
1713
7222
1269
6238
1992
7579
2285
6296
4506
2861
1185
6435
974
9034
8506
382
1890
6583
2842
813
1426
2444
8483
2267
6246
269
1608
7
4189
5819
5561
7829
2968
1307
3278
3815
643
7988
4772
4303
9518
9609
2823
6541
8608
7261
1136
2318
8165
969
2991
249
712
7867
9588
1911
1632
5431
297
8503
8614
8685
9499
1622
4720
1546
6914
3845
3423
9297
4181
3687
5322
7352
5521
7830
1590
3233
7416
6826
2479
2454
9071
5581
7099
138
9630
6403
1904
8901
6782
7820
437
6887
2071
9115
2779
5525
9047
8677
1824
2260
4317
6318
3617
6256
8420
8961
5742
1146
1945
8823
259
8093
2884
3334
1195
3188
5358
914
5946
6714
372
6551
4897
6789
5454
4106
7722
4304
5254
3321
9487
1880
3449
421
7442
7260
4219
4201
6234
7375
1013
6503
6732
2537
278
7994
504
8975
8246
9184
9014
6621
1894
1804
2555
5423
2058
9547
5703
3357
5709
3048
1305
7871
600
7061
7671
2438
3920
8397
8358
9710
3734
6942
6300
132
7209
8289
7624
9488
7576
5485
6780
1857
236
2056
496
957
2522
4359
8205
8650
376
5470
4636
5397
4447
8794
935
2096
6759
2007
6601
6502
6362
9824
7734
7074
4684
5066
7137
7060
7101
5463
8695
7229
2259
6519
1932
1909
9783
611
2206
1312
3283
6481
221
7356
3732
3274
2679
3953
5338
1985
979
2988
7598
9039
9104
1725
1253
459
7440
5631
381
6752
646
1767
7635
4314
7879
3376
9625
6406
2052
3948
100
274
7536
6349
6287
3492
9648
8404
2504
7661
2131
6704
6617
4728
6466
6116
1472
1248
1490
6043
9185
6952
6724
9354
4872
1867
215
5243
9857
4823
2722
1236
6265
2756
5780
9754
2077
5372
4773
1543
5967
4051
5694
9680
4717
4323
863
1022
2202
7823
6939
4410
5145
1369
9001
9181
55
999
5102
4657
7227
8955
8715
7649
1386
3497
9303
4026
9799
1231
9450
436
9310
283
7200
3876
1486
6365
8688
9193
9678
5976
6001
9468
4542
4902
3931
8876
8161
666
6555
5053
8881
9613
8156
275
1372
1067
356
7853
8384
640
6868
2000
7522
9913
5881
3459
8569
7616
3575
7725
5269
8737
5170
6999
9114
5258
1580
2909
5875
7485
9724
2166
8513
679
2629
5619
7026
7546
2194
9317
2998
6308
8222
4112
4320
3045
6913
5255
9163
2252
4025
529
2498
1938
3756
4910
2142
2242
5805
3662
5261
5112
9601
4550
6132
8351
9197
6465
6123
3061
1654
6863
3652
1960
2794
2700
3879
5371
6056
2128
2312
7161
8466
2265
4147
2390
9336
8173
9958
9213
7638
6368
981
2140
641
8471
1105
5124
5160
7262
3864
2046
8558
4719
1956
7527
2417
3144
8229
5636
8287
4262
4958
2859
81
6741
8896
2039
8531
4545
5099
9430
7861
3223
2876
6219
2917
6684
2190
1863
9573
4102
3576
8275
3411
3790
2953
965
9257
4193
3888
7559
7659
2449
2410
8871
586
4880
1466
1993
2366
636
9219
8772
362
4520
3239
6322
6245
6361
6924
3585
6765
3982
7947
4714
5090
8892
8657
1032
4225
5218
9979
9454
7869
5749
9873
5909
953
3504
4667
1108
6508
6348
9841
4924
8329
3033
7510
4148
6677
3787
6875
3697
2720
1403
6564
1768
6250
3121
4307
9611
3322
3307
3205
6367
7919
7560
3848
2663
298
1722
2803
8924
4666
4509
4360
8476
4588
7387
2546
6579
7497
2658
5710
2868
3194
6385
9894
417
6530
4272
4236
7515
1215
2567
6224
8778
9982
5953
5229
2962
7679
7822
7851
2530
7338
8391
5073
2799
2781
2802
715
4155
9349
4402
6417
7011
9044
253
9636
4959
9309
2482
872
5535
3762
3954
7119
9376
9751
1050
5806
4300
6593
3419
6182
5326
2339
8045
2501
3661
904
4455
6931
6764
1480
4940
455
9888
652
1845
4124
7124
4553
5880
7110
2921
8292
9811
6319
6409
9679
5199
2013
9672
1382
5418
4644
1898
612
1149
8037
9649
1380
822
825
6441
9909
6309
3616
887
5107
4218
4622
4954
7369
9147
2179
8684
6164
5944
9079
4179
2411
5448
9119
4851
4777
4472
5028
626
7735
4829
5638
1211
6768
2104
6364
2018
4149
1644
9155
2204
8525
8989
2959
5094
4048
4785
7676
3540
5068
8291
1001
9255
5916
1147
3851
8441
8501
2192
9704
348
6678
116
7520
8261
7500
8134
2619
9782
3846
7973
1624
4508
343
2284
3208
6806
1100
9095
413
1695
1789
9872
2830
5684
8708
7453
5851
4460
4607
944
6856
4691
8839
2661
5758
5157
8850
317
6062
1535
6171
9174
7133
8712
1277
7127
6971
627
4348
5387
7948
2683
5381
7499
7142
5332
5632
8840
2982
7456
991
5827
3561
153
9217
2541
3386
2916
1576
9771
6400
1400
3137
3160
8649
8106
3323
1826
2321
4532
8601
9639
9416
5377
340
4689
3348
9227
4240
1783
3884
6735
2758
6644
4665
6612
1928
762
5891
4758
9565
1282
876
9469
854
3431
8555
7245
5162
2492
1964
67
3727
214
3757
9582
1073
1591
6734
425
2667
1271
4821
9897
3038
8596
975
1605
3855
2182
3725
6993
2107
8574
7653
2905
525
8769
8591
2689
6302
6672
6369
4868
1612
6291
2506
891
3057
2446
654
9497
8237
3286
3598
4158
6574
4788
6893
4249
8667
1198
328
315
6854
6310
2838
1965
8930
7279
1916
8107
4824
1229
9093
6404
4475
4978
3003
5195
728
3813
1473
6254
6204
3220
1861
909
9113
7134
7714
8302
5025
4101
6809
4022
4840
5990
4231
951
565
94
7252
7628
2434
1517
4800
8176
1630
1270
1553
4233
1413
4846
2093
986
9902
1745
7258
5396
1628
6109
746
8971
1438
4070
2575
3748
4621
9762
8724
7336
7922
115
5777
7275
6264
2177
8755
5058
8816
6571
9847
1689
6728
1759
6576
4336
1900
838
4606
6910
2548
3263
7010
1614
5869
567
4601
5489
7876
5985
5885
5492
4338
1342
4197
6424
3591
8006
859
7625
5698
6334
5645
7547
7136
3964
860
8109
3518
9683
8159
6381
4744
6895
8962
7154
9846
2674
226
5434
7646
5164
6630
4204
9319
7115
321
4613
3457
9707
452
6639
8182
9643
3333
6802
1156
2213
3769
7111
2666
2706
8767
4132
8720
1799
2469
1839
3522
7824
7913
3140
7599
6097
6442
840
5762
1462
5965
1060
1788
7095
5187
5459
8582
1726
256
2565
2623
8417
4705
6926
8432
4512
763
2847
8342
8822
6943
9976
8486
5546
5049
9490
9583
1263
295
7592
9703
4914
2698
8914
513
7647
3558
7159
361
6716
9421
2824
6329
8631
9730
4750
2804
2602
884
4467
7747
364
8175
408
7881
5398
4841
655
2043
5242
8815
1498
3083
9572
8735
4426
5690
678
2558
5808
8338
2440
31
8550
4886
5320
6470
5032
7957
6888
6375
9735
4873
4977
5281
8056
3168
2587
5149
6243
8758
1563
5420
6147
3450
7206
9326
2154
9671
6867
9825
399
2963
9396
726
7789
5425
4580
9092
2266
5211
4480
7583
4967
4055
8448
3295
9753
5634
9595
8827
4194
6045
6275
698
4171
5659
1527
5911
3478
1113
1525
2279
2020
8603
9169
2211
3177
1727
6382
9238
3784
8787
518
6715
3248
5577
2099
1485
6569
7487
9192
1303
5607
2450
3680
6083
9802
736
1797
6878
6111
5578
2327
5621
2447
797
1699
2380
9914
2746
1820
8480
7208
4474
1892
369
365
1651
1607
6608
9814
7088
6813
2087
7800
2031
6472
800
1111
9235
5370
9102
4244
5692
1377
4017
7897
8371
2996
8403
9795
8852
7771
8672
6434
6831
2127
638
2169
1186
5687
7433
1177
2231
5555
4394
9539
3152
324
9899
4009
2762
1844
837
4214
5743
997
7296
3800
2301
7452
4753
6092
14
2752
6145
2416
8800
3288
4006
8194
7677
1949
2766
9998
4195
8337
1171
5579
30
312
1484
6050
4587
6100
918
9334
9936
378
3078
3589
7165
3306
9342
3040
9932
9877
4858
4242
3642
1162
4634
3597
6833
28
454
5658
5904
1176
8266
7610
8239
6970
1935
8184
560
4160
5912
9386
4288
8111
1816
8118
5216
7125
7118
8346
2974
20
9473
2367
3109
4186
58
5794
1276
2471
5276
8522
443
4425
1901
1524
2389
8835
6832
6480
1213
6053
8960
5998
9042
1929
5838
3985
3530
3055
152
6933
8889
8543
1679
8571
3916
1153
2010
3345
2463
3196
3325
6907
9201
1793
9060
2155
861
6390
2920
8104
2717
8831
9190
1899
563
9681
3245
8496
3570
2715
3736
7821
5207
8412
1976
1351
9808
3987
7371
550
205
1619
7888
2005
7015
7903
8753
4417
566
4382
1239
2110
5735
5
3629
908
6492
2927
8995
333
8196
487
3868
9526
1399
441
9241
8773
1441
6540
5071
8066
2600
4260
3688
5708
9834
3721
4504
1225
8907
8931
6316
1791
3873
6427
1738
6849
7087
4488
4427
8481
9089
8646
1144
7437
6141
1990
5908
2132
7173
7400
4093
8031
1811
9631
4637
2995
7187
2123
5417
2445
2203
2900
519
1521
5329
5079
1693
1939
4698
8115
8775
4174
6962
9984
9815
7937
9372
3296
2372
1714
9538
4617
5182
7306
6445
7468
9118
8652
7974
5144
9789
5402
9107
3115
5375
1304
2095
9058
8319
2
942
597
3993
1161
1625
3622
4783
7156
5712
945
3215
130
281
4116
7104
468
2136
4207
3424
7303
289
7636
5507
6335
9425
9507
1495
8941
5471
8488
1000
1299
8415
9694
8038
7672
4373
8224
7323
1514
1680
49
6572
8580
412
3308
6981
7408
8341
5669
8012
257
3375
1950
5241
3216
3256
1128
5228
4357
7855
4848
5600
4537
9830
534
5996
7467
4418
536
186
4003
3420
8709
2969
2379
9844
6835
6461
760
2340
1968
4526
2310
2075
6658
1458
156
1019
2040
26
2457
3268
5701
9288
1427
6467
7718
3938
4789
2616
8760
8560
1583
7938
8968
2618
616
9794
8479
5643
3840
4756
8179
6558
517
4495
1366
1957
9950
8949
5567
9833
7157
4030
842
3491
9068
2889
5549
3865
9747
3893
13
8169
3063
6838
3903
7379
4381
6110
4279
805
9381
1354
6937
9792
3835
6537
1371
229
6494
9599
8282
3559
3134
3915
2228
1941
3658
1918
8761
5835
1906
7914
6521
4034
5597
7425
6990
9339
2535
7307
7556
2464
1977
7776
8556
3329
3960
6850
4497
7728
2753
2866
613
3712
2239
5997
8932
1739
3959
9004
3435
2849
6841
3549
8493
2299
3934
8063
3147
3937
5811
8490
8097
4114
7581
6023
4469
1070
1712
6076
7266
7521
460
8137
7324
6121
3841
9855
3514
9951
855
1864
119
4912
1129
1657
1148
3277
2627
8723
9718
2910
6791
559
1747
5474
7116
3823
5677
6012
761
8383
6722
7806
5969
961
320
313
9541
7148
2287
4972
1344
2061
6847
8598
4277
5849
5328
7786
4871
9524
6298
8976
7564
2834
5142
4363
3021
2037
8691
3145
8917
6498
4817
6241
4612
8435
8541
2218
8482
4436
1687
2035
1095
631
5662
9364
3971
5620
739
3659
2418
5840
8102
6804
3847
9627
3141
9138
1252
8700
6394
9133
7708
5379
503
6106
7093
6163
8613
8645
789
6685
970
2776
3266
2515
3467
3351
4215
5271
1331
4483
551
5929
6969
6047
3488
1064
7744
1581
8898
5317
3628
2451
7751
2237
7326
4352
502
6449
9492
9401
3992
4554
9433
4285
2391
3023
1912
5756
8380
6378
2641
6135
3100
1780
642
5839
5747
247
1600
8375
2783
6747
7632
9749
7508
4188
7044
618
4992
1884
3654
5473
7595
6666
1978
6299
8355
8017
2806
7609
980
9086
1237
8000
8152
5728
2220
3027
7834
7406
1373
1042
8725
4631
8300
1690
6167
2507
619
5312
9702
2942
6297
8527
8581
1079
2512
1479
7190
9581
4807
84
9600
3877
5333
6193
6919
490
8214
7188
2488
4867
3852
5321
9568
4799
7248
8597
9250
6168
189
5405
60
3214
4805
5364
4121
5120
7998
6916
5883
2543
6410
8393
5704
7181
7312
8818
3185
5005
9055
8117
9131
5625
1451
6346
9517
3179
495
5993
5176
9240
7537
5346
4696
8752
7695
5097
8120
8748
686
6371
1158
1602
5156
2216
5783
9026
4628
2156
3858
7237
3402
5685
6769
671
9510
8873
2549
4795
1378
8768
748
5745
6514
5297
8468
8656
7162
936
7819
8262
4906
3856
9036
8872
2665
1559
8394
3102
7641
1288
8033
104
6552
6082
8350
8315
2526
8662
6257
9981
7654
5603
390
9379
8227
8298
1140
4513
8879
7711
2564
4087
7894
1999
2975
366
5824
2885
7143
1862
1166
6745
1199
1511
3818
4994
2862
3901
9117
3191
7828
3103
4308
8536
6019
1328
9650
3084
3581
6225
5477
5945
7984
9536
5960
3918
6884
4885
1279
4983
3946
4346
9208
5289
1206
6273
1463
895
8897
7458
43
9413
3128
4838
3783
3070
6021
4369
2354
9891
5452
3182
1819
5067
4534
680
6915
341
7700
9410
9523
5510
6936
3613
9267
9821
8585
9458
1673
6006
1163
2219
1494
4428
1617
4020
6091
2030
8238
9418
6282
870
573
7486
3415
9463
4411
6061
3536
8332
6708
5843
8213
2532
4943
8623
8739
615
117
722
4438
8144
9000
4593
6206
1508
4843
2547
924
4072
9939
3976
8849
7027
5324
139
7656
6209
5490
304
7330
2902
7904
6172
46
2704
1007
69
2101
44
9023
1389
3364
6063
7674
1537
9028
4654
5080
7334
8640
8670
7862
6333
7474
5598
4464
157
6330
5865
3468
374
3701
6487
9921
9423
617
927
428
1172
241
2280
9018
3199
4603
990
2436
1123
7839
5583
3665
9170
2395
5366
5566
6631
6152
2684
7403
2070
8069
3857
8502
8129
5414
8626
6900
9404
3218
5264
977
1037
2846
3837
4745
47
442
7019
8408
6994
2520
1170
8507
188
8567
5226
871
3555
5517
9502
724
5390
3181
5026
9929
5181
9057
862
1391
1652
3643
6412
2777
1540
4123
3460
8388
6641
190
1796
3166
6456
5461
512
7799
2427
5341
6162
4715
4531
1385
5520
4406
444
5730
407
7021
3772
7278
131
8722
7634
785
6093
8221
477
7784
9864
3909
9752
2621
5641
2199
219
9642
2569
270
4140
2607
3505
1375
4222
96
7286
8524
2705
2960
9166
6729
8324
821
8366
8798
7818
252
2143
1449
1708
7860
3673
7046
1009
6717
6960
4269
7469
9264
6966
9688
3359
3646
7670
2185
6871
7024
9105
9779
1694
6032
1927
9276
5565
2819
7993
7001
9511
3297
7651
2525
6567
4139
1640
6161
7292
6370
946
2702
9111
9142
9661
766
8392
93
2428
4461
6974
1058
9426
6596
7844
5323
6450
1232
2576
3586
7872
7358
5913
1066
5930
7549
2033
2262
6984
3439
5542
635
5804
6033
9248
3794
4175
7284
8756
2083
2747
732
1014
9399
6374
3
7213
9322
2193
8450
8334
1084
222
7113
4752
9624
690
9700
9388
3305
543
4874
3302
1316
9002
2109
7939
9980
4571
2439
3251
1038
3967
2897
7038
2491
4808
9910
5056
8997
168
3691
6599
7874
8363
548
8653
6568
4949
6799
7712
940
5237
5672
6516
533
5303
4993
3401
5705
5244
5184
2362
6255
7842
7145
2923
7135
2632
1300
9447
7923
16
747
386
8223
2894
7177
7892
9306
111
9222
7983
5279
8168
9124
4228
6003
4074
2993
9198
7981
625
696
7954
6683
8419
485
3816
9983
5087
9677
4649
1848
3187
172
3611
5250
1471
8983
4056
8128
4514
7202
5352
7444
6607
5689
6920
4549
4401
2232
9483
3313
4946
3380
4345
7025
3968
2342