287
691
278
22
221
550
583
322
133
186
571
785
658
295
957
358
472
290
913
76
47
312
570
513
575
692
136
903
298
161
338
768
219
162
954
201
316
561
448
663
668
829
437
743
333
260
935
886
254
483
901
325
505
64
449
765
782
722
539
144
832
115
643
124
731
896
822
355
791
646
710
452
139
971
626
21
71
62
504
31
255
336
436
194
926
669
678
314
923
321
828
328
198
520
629
637
164
695
488
294
823
41
857
773
868
807
433
176
326
276
558
329
228
261
864
905
976
283
77
107
849
98
13
535
548
605
831
29
407
988
247
444
484
854
754
60
116
766
910
958
537
68
860
499
900
557
518
947
824
684
429
385
418
771
879
921
700
46
506
661
205
997
817
307
169
566
803
497
485
69
395
871
525
289
698
135
282
308
187
524
969
649
806
641
839
545
718
196
664
541
705
426
941
75
471
993
138
687
784
904
351
274
84
579
45
955
450
584
39
573
90
612
627
756
936
728
723
177
131
961
430
552
478
656
994
86
645
415
979
959
404
179
376
52
812
630
292
650
356
253
457
110
587
930
775
872
445
683
240
516
987
931
185
702
197
34
211
462
215
908
372
792
891
125
623
377
788
555
88
772
805
443
510
869
171
440
730
567
280
442
983
917
150
876
369
178
160
387
989
724
420
667
859
714
94
263
893
269
323
927
952
543
394
435
899
44
397
390
165
509
665
267
330
244
154
468
838
674
300
439
660
234
932
199
873
597
840
600
845
315
337
639
613
357
985
929
970
319
528
902
38
780
999
755
491
659
761
130
157
238
202
320
681
257
671
690
542
419
554
73
591
200
556
777
709
120
275
134
686
577
360
477
466
877
393
720
143
389
305
214
132
373
739
606
837
258
574
227
918
960
272
302
122
727
423
593
43
479
963
432
291
270
619
458
967
396
408
33
40
332
102
335
259
569
285
699
208
306
884
814
7
20
685
747
887
867
560
810
594
8
769
536
598
853
757
841
193
953
675
779
42
588
473
183
924
266
25
622
618
342
599
402
716
540
774
18
964
66
972
523
476
670
374
836
412
391
890
249
428
798
942
465
67
818
26
786
359
582
174
767
843
489
55
170
563
719
340
753
2
498
759
58
490
834
95
883
968
446
778
544
288
382
572
14
847
965
830
218
83
463
242
327
642
644
141
808
534
1000
96
895
425
4
898
592
49
277
149
57
855
703
657
103
12
616
531
414
912
911
235
862
405
365
421
59
217
726
628
17
762
454
99
386
494
601
748
621
140
522
925
431
368
744
246
158
680
30
503
937
344
175
101
145
835
213
852
182
163
383
303
919
279
241
610
615
526
109
411
184
742
940
392
251
155
273
882
48
625
821
943
688
741
833
735
1
168
3
299
944
399
800
585
438
790
949
538
345
453
487
701
980
334
713
441
492
262
732
181
24
195
172
996
461
51
210
820
223
704
127
553
815
634
70
15
532
517
551
906
712
123
638
324
662
991
673
173
734
364
737
870
104
10
284
746
416
480
752
799
142
915
229
875
301
304
770
400
760
216
156
352
962
530
796
951
19
982
590
6
250
23
50
945
676
100
842
507
521
128
296
693
318
816
265
310
231
281
813
889
403
32
564
738
180
851
220
189
631
56
844
353
349
206
87
797
496
809
293
232
787
203
736
495
470
361
858
455
264
252
578
511
233
562
166
595
725
413
239
547
804
113
53
388
343
604
268
721
119
93
916
635
751
401
447
297
909
54
624
121
79
74
977
482
80
990
9
434
694
167
620
655
406
469
633
609
111
608
409
892
819
118
475
379
711
331
366
226
880
850
222
568
978
367
611
27
802
207
35
248
501
596
706
696
946
740
920
652
92
129
648
750
61
212
586
97
398
191
995
512
243
651
826
764
856
992
82
897
105
378
758
602
672
309
508
647
72
362
981
885
106
153
707
614
464
793
654
114
689
422
973
37
500
950
682
894
863
549
384
460
934
63
456
224
146
225
380
811
137
339
745
607
126
204
888
519
565
152
697
881
866
763
375
533
928
846
729
874
794
148
825
559
580
117
603
636
370
89
256
878
151
311
346
427
717
677
861
632
801
341
939
914
865
749
36
271
192
956
108
11
350
209
907
348
546
529
381
708
230
795
715
938
190
493
576
948
589
78
481
236
933
91
783
789
502
28
347
617
417
354
515
474
467
922
653
459
998
313
112
65
5
679
984
975
974
317
776
581
986
527
827
16
424
188
514
147
363
81
451
245
286
781
159
666
733
371
237
966
410
85
640
848
486