373
21
284
651
823
97
150
449
747
729
592
343
267
542
757
804
63
770
611
471
405
351
314
712
827
223
490
564
411
318
718
79
605
800
637
610
532
72
987
944
986
809
336
191
753
721
146
151
500
65
166
175
857
189
16
714
408
273
792
790
981
210
178
550
262
822
581
850
995
608
646
256
508
276
403
303
229
622
893
758
726
499
851
629
119
601
888
745
493
796
899
949
854
101
412
91
522
269
900
451
53
502
45
409
506
4
395
474
327
23
264
330
882
525
808
211
572
538
297
736
228
825
632
184
230
598
552
358
349
732
559
518
604
244
876
962
967
568
345
324
134
81
180
169
313
872
649
200
138
186
436
691
19
390
771
237
116
869
227
20
623
12
866
667
259
467
980
364
997
657
423
811
575
309
953
204
367
398
775
402
677
673
582
734
918
536
635
240
924
524
41
755
573
707
213
188
43
817
679
828
421
584
1
891
37
27
569
243
647
938
446
810
941
931
846
108
815
239
357
459
890
17
952
217
723
28
883
833
642
627
576
728
907
388
31
680
460
396
807
457
820
75
996
814
339
415
896
71
127
363
910
579
746
685
867
114
973
80
384
416
60
521
25
410
258
791
35
206
751
648
487
936
834
528
260
614
234
735
105
242
427
44
549
494
859
98
419
921
468
829
590
167
317
526
245
898
480
974
607
744
932
819
497
159
121
715
353
877
870
977
401
696
311
266
124
989
287
498
356
956
847
844
375
895
737
911
748
687
821
232
302
322
539
190
58
282
779
10
99
387
448
633
430
455
18
371
709
383
919
710
562
496
683
456
280
83
988
109
70
431
306
481
342
760
135
926
160
341
643
111
533
469
400
305
170
554
279
786
120
149
553
662
843
946
650
955
752
957
47
832
935
702
277
379
587
372
152
489
275
141
565
773
214
750
283
216
835
909
852
644
923
466
7
743
64
698
837
161
628
783
491
483
89
686
653
985
130
51
484
574
24
839
589
618
509
860
865
805
163
454
983
265
115
969
340
848
561
54
978
226
168
961
516
281
593
933
693
337
68
855
222
418
640
212
543
74
172
503
34
701
482
183
194
82
434
377
942
331
382
154
472
495
596
90
404
504
725
218
14
128
903
67
156
376
445
998
250
132
475
248
976
954
547
881
181
661
863
477
666
812
801
636
192
148
908
624
69
225
145
797
292
699
948
540
199
971
927
5
979
939
320
507
523
3
943
577
534
803
406
488
749
365
15
177
270
972
153
968
514
66
555
486
394
61
208
704
905
695
207
566
802
970
348
263
492
917
95
591
391
378
77
945
319
361
102
560
950
94
350
982
133
871
813
438
914
782
78
219
999
57
505
841
621
335
92
787
742
139
606
853
432
301
557
639
299
706
708
799
197
780
626
328
247
830
831
894
727
272
470
818
733
913
312
123
397
720
407
355
251
428
106
143
630
136
13
201
286
769
465
215
196
615
62
535
774
142
362
879
224
443
655
674
700
617
370
612
125
87
236
113
697
738
892
664
873
425
399
392
332
663
32
602
26
845
458
778
296
767
739
925
641
754
762
359
789
713
595
862
369
104
347
100
48
246
235
915
381
304
794
681
959
652
993
798
994
694
452
654
329
580
671
806
238
338
274
545
781
656
261
202
268
922
321
289
705
107
937
85
118
374
906
46
763
352
2
40
849
255
478
433
690
659
530
958
567
631
86
586
777
424
676
165
840
916
603
929
984
294
315
140
784
501
29
9
450
193
129
731
548
711
889
520
541
519
616
380
583
439
885
33
689
300
513
768
112
660
858
122
682
570
84
920
220
386
588
417
668
368
766
437
278
22
563
476
836
886
874
795
670
485
864
887
875
444
164
912
527
326
930
634
334
529
30
578
963
645
271
759
131
517
964
203
901
788
940
730
198
6
928
785
772
39
422
73
316
724
252
285
205
179
241
515
531
11
93
354
42
776
442
991
479
117
137
556
868
366
678
861
55
585
333
838
716
110
934
249
253
824
162
826
389
510
385
740
756
613
609
461
182
620
761
880
511
717
703
473
413
76
293
173
414
638
884
441
464
187
816
571
291
174
158
360
625
52
966
155
599
233
719
209
59
897
103
195
126
597
692
325
793
990
8
50
619
904
537
295
975
144
992
669
307
157
435
463
290
960
842
147
344
185
96
38
426
56
544
231
323
171
176
429
947
878
672
88
221
1000
453
288
49
600
254
420
764
462
551
688
741
36
310
658
856
684
298
594
558
546
665
393
308
512
722
346
447
902
440
257
765
675
965
951