361
489
767
981
965
631
89
615
41
868
437
870
912
573
478
21
953
134
300
861
86
606
727
355
622
703
132
278
2
378
762
277
215
221
63
592
510
383
757
177
776
742
289
994
158
959
782
866
951
915
14
282
75
803
923
756
535
377
715
64
111
334
817
202
744
613
396
704
311
936
470
459
882
814
506
173
904
357
556
691
107
583
482
541
937
673
79
31
598
230
167
163
409
492
18
127
638
542
190
6
743
856
660
507
893
811
496
56
288
487
967
479
118
91
257
917
476
988
102
5
246
791
315
639
339
483
694
686
405
452
128
765
630
682
17
247
689
751
508
402
523
709
551
245
157
249
635
184
434
766
20
338
139
29
955
100
381
379
82
306
462
549
787
813
726
553
135
28
732
395
696
539
850
725
921
820
345
557
235
986
564
589
968
611
418
336
493
61
382
385
241
51
394
998
668
708
281
57
717
911
529
90
389
679
174
370
617
279
206
22
440
33
721
830
444
388
738
213
570
707
4
9
793
74
587
362
925
242
347
473
500
223
784
39
872
563
10
346
899
261
421
303
353
425
593
659
314
38
935
964
806
898
548
211
423
753
719
624
724
198
957
290
431
977
525
397
474
768
115
16
737
80
629
276
609
699
943
577
601
140
485
92
835
240
608
586
970
356
559
582
205
952
3
295
963
808
623
253
432
975
1
136
287
829
540
555
930
845
750
730
736
769
7
560
469
172
670
993
237
843
390
234
121
685
941
159
419
371
344
779
210
572
919
874
504
141
758
907
892
442
576
614
865
358
197
351
417
430
625
96
49
66
429
604
552
416
579
818
126
491
283
832
104
498
644
408
772
594
558
663
815
62
810
585
764
896
236
407
411
60
307
520
826
800
661
667
505
225
532
44
162
326
511
522
749
40
746
145
143
302
112
343
165
597
318
996
775
545
546
723
422
105
595
84
722
760
106
781
457
275
391
926
70
848
131
851
538
610
304
50
581
688
858
58
518
233
129
398
783
565
654
108
414
117
733
67
175
605
672
847
188
410
97
123
456
531
805
770
413
938
839
293
216
427
120
161
849
486
697
922
448
655
771
763
797
702
873
869
716
160
85
144
999
274
243
976
181
543
636
517
83
692
331
946
301
728
327
501
480
255
536
291
477
313
567
340
445
954
972
932
890
979
887
880
838
455
603
949
657
322
860
386
729
231
499
607
453
710
305
741
995
412
934
891
599
859
799
897
436
864
513
341
752
262
251
980
374
208
530
802
116
260
269
745
735
633
515
320
920
471
376
332
138
48
369
392
125
705
254
428
170
176
628
404
718
886
884
192
76
712
618
8
652
684
958
212
27
695
885
841
284
568
796
25
698
855
863
35
87
53
481
224
133
662
380
903
24
142
220
95
928
681
575
195
918
948
789
399
325
227
731
65
827
299
259
270
196
983
888
466
627
621
987
435
360
93
939
228
792
11
780
678
740
180
45
901
647
244
248
222
23
403
19
978
878
401
950
807
316
574
931
1000
905
910
164
909
985
588
804
578
991
365
748
214
151
294
700
824
720
147
490
156
844
833
989
204
464
109
580
927
191
521
149
256
534
916
271
584
900
69
990
914
664
795
209
273
484
168
200
497
424
711
68
323
956
653
280
272
867
450
150
992
114
790
895
533
266
182
747
72
218
185
447
232
286
81
55
822
465
36
384
153
669
962
626
831
620
238
333
516
189
871
265
187
171
226
940
774
154
665
894
152
47
554
113
387
146
786
438
961
488
600
463
924
528
666
460
794
443
853
889
828
651
974
773
363
596
591
319
364
788
875
819
645
677
439
263
854
194
984
761
101
229
503
857
12
321
467
798
602
971
296
193
367
942
77
368
250
823
960
258
929
683
671
643
292
648
754
642
759
687
201
359
825
569
217
37
267
183
415
680
734
837
590
110
755
137
54
148
179
312
349
239
777
656
634
676
199
616
330
906
52
461
706
547
310
42
458
902
561
207
124
178
879
641
155
526
337
862
449
821
739
933
32
34
169
203
354
219
324
71
98
13
406
512
852
78
309
834
537
812
308
877
328
166
186
650
451
637
454
809
335
701
816
509
566
619
524
966
840
264
420
285
544
59
836
329
883
426
372
94
612
88
46
99
297
468
778
495
298
714
876
348
649
433
632
997
527
908
43
881
446
475
352
846
658
982
514
472
973
713
30
103
801
646
375
268
73
350
502
913
393
945
400
947
494
373
317
640
122
366
969
119
944
690
562
441
26
550
519
342
693
252
571
674
130
675
842
785
15