934
699
869
17
544
764
724
941
433
223
189
682
252
559
120
101
983
160
464
950
974
269
704
524
106
931
864
80
783
260
750
981
466
526
646
898
261
854
842
283
734
325
947
774
280
327
339
319
873
16
610
530
619
735
455
276
731
743
794
516
205
745
457
118
543
595
628
586
134
660
273
136
431
34
316
584
23
891
599
486
197
827
270
649
463
6
977
485
688
480
797
477
937
489
736
78
442
76
639
500
196
680
715
848
199
272
243
992
381
705
908
109
749
116
314
730
69
540
517
353
759
855
358
359
98
152
220
807
565
969
781
450
675
631
634
520
756
91
614
143
821
478
789
150
446
291
698
984
114
866
96
938
113
74
717
753
796
624
814
927
219
505
8
200
491
834
448
264
893
451
918
183
771
2
793
890
683
137
640
238
251
857
255
667
20
685
711
727
321
467
677
83
43
144
458
703
824
999
128
757
570
63
286
878
61
405
533
625
872
521
25
138
75
608
687
527
211
112
72
591
474
352
785
597
975
62
990
361
492
906
281
843
394
627
942
483
952
259
338
55
204
901
666
511
650
279
758
343
846
689
512
24
404
790
515
164
780
944
763
65
910
691
354
476
626
423
642
681
635
961
10
678
127
799
541
752
289
244
348
230
456
816
331
5
723
117
46
370
528
124
153
583
652
41
105
135
602
71
45
351
471
344
791
696
804
986
232
729
778
386
929
551
228
209
439
852
246
802
460
100
605
107
47
653
726
256
412
445
548
588
692
740
49
657
48
349
897
122
380
880
159
594
350
966
437
741
574
684
633
616
157
242
973
453
769
341
825
172
391
38
287
82
603
823
89
577
884
12
299
538
95
169
66
615
772
498
64
542
697
30
176
962
225
50
459
948
267
187
4
326
940
190
502
229
907
184
94
606
874
722
140
263
31
547
621
379
545
581
234
558
357
309
163
553
213
171
307
233
376
818
356
385
174
235
131
702
673
617
523
403
317
191
401
936
284
710
637
845
311
388
592
958
170
567
877
960
362
503
525
676
707
154
241
671
33
943
221
871
575
365
988
141
534
840
392
788
585
355
641
546
397
336
85
832
28
399
398
651
57
301
985
375
495
130
601
964
207
148
334
578
886
367
694
285
648
536
811
387
473
494
275
193
110
620
510
247
786
129
292
115
248
86
514
178
919
369
447
995
913
329
923
240
787
841
568
844
509
935
580
862
462
953
860
253
254
795
564
762
402
475
195
701
111
277
819
162
395
52
744
482
310
302
755
430
638
175
42
662
839
469
775
539
822
889
373
847
833
600
700
389
202
300
776
713
73
767
384
440
636
566
239
888
770
883
572
87
737
754
904
499
828
954
383
181
479
604
663
820
26
531
784
288
214
706
84
555
914
507
926
972
88
522
549
861
468
655
294
560
420
215
208
980
212
630
979
40
121
876
968
856
449
3
400
432
924
390
416
732
997
1000
298
978
315
27
333
330
296
836
67
851
932
596
916
881
661
139
598
779
265
155
337
801
733
37
569
887
576
905
690
44
81
751
51
324
142
188
590
982
320
59
644
925
293
609
506
714
198
826
629
996
374
377
589
719
206
894
810
535
955
647
573
532
216
167
54
465
340
838
312
496
665
250
902
593
14
304
777
126
145
721
949
35
501
297
278
488
738
487
426
438
912
342
765
360
659
414
9
168
371
29
15
201
658
224
875
132
435
669
227
725
529
921
957
364
718
271
518
664
428
262
418
813
746
870
425
274
859
345
850
552
79
712
497
519
556
39
104
258
102
192
147
90
748
366
318
508
372
177
166
328
928
70
151
443
161
226
68
800
434
53
108
557
396
182
900
133
217
728
419
812
410
125
607
454
994
939
282
363
452
582
268
179
436
222
186
368
322
99
917
194
347
976
335
537
56
422
92
561
672
911
835
766
378
792
951
306
930
632
679
393
119
716
303
173
612
554
892
411
760
237
858
643
308
504
563
180
853
123
830
623
645
346
60
668
817
709
837
513
19
415
427
295
417
803
768
407
382
670
441
490
686
965
22
266
231
11
896
946
622
809
909
967
406
739
695
587
915
903
203
806
971
408
895
808
742
989
332
409
993
571
747
305
32
920
882
831
720
472
773
829
956
185
1
158
58
987
444
654
165
991
156
998
413
103
421
470
761
674
815
149
868
618
249
867
922
933
656
782
611
879
959
899
210
805
77
97
481
865
963
290
493
693
484
461
579
863
313
7
21
36
245
323
18
945
550
849
613
93
218
970
885
562
257
798
13
708
429
146
424
236