9771
2771
877
9448
8622
6037
5008
8841
9788
8317
1152
3562
6057
2102
5044
7206
5095
2964
2036
2636
8119
2877
2219
738
2840
7972
1279
3149
6142
7644
1785
8804
9
5888
4615
5321
240
6420
81
8197
9088
8962
5141
5991
7616
4773
5717
6263
6141
7297
6832
5578
5828
9783
3025
314
8149
5807
3666
913
8118
7999
3627
2621
1635
727
516
2844
1868
4100
1883
3131
6575
824
5674
7121
1239
5554
9020
8152
1736
8187
9750
6169
7522
7770
6830
4341
1412
9437
5679
3676
6876
1692
5198
9834
3231
1353
9638
3262
4215
3875
9368
4174
3157
4435
2052
8263
2776
1242
7536
558
3408
21
4848
1670
4084
8975
3309
9301
8393
2538
7445
5049
6873
9421
1837
2637
2445
5799
2301
3650
8177
30
8531
7604
5029
8730
1341
4476
252
6251
7582
6382
5301
2437
9261
3835
8530
821
3654
2308
5320
5883
2073
9940
8952
9496
787
9931
7953
1972
9262
2710
6076
3366
2457
789
3825
9005
3369
1604
1370
7590
2013
1573
7168
1456
3819
8896
9090
1088
8411
7263
9509
9506
4844
858
3543
8057
318
7810
4251
9219
3382
5855
714
7724
3735
9226
8309
2225
4666
1636
2625
6492
6940
4717
6138
8611
4529
6131
1196
920
2978
9273
4371
5038
8315
6708
7163
680
8269
8091
7647
6761
2980
4618
361
9087
5080
7138
9004
5354
9681
1495
4648
1067
5572
4581
9620
2379
8042
2712
124
5971
1054
2403
5028
8547
1002
5443
8037
3520
8184
7984
1141
8817
4727
6344
3856
6545
3284
4957
4907
7348
9223
5681
3709
8083
6158
9371
6457
2888
7552
1270
5609
3585
9824
811
1070
8410
4584
3575
2968
5309
3778
733
9846
4058
463
930
1677
7541
8296
5898
992
7699
8324
9629
7268
6601
2856
1528
6552
9673
5128
1375
7708
9451
7023
6718
9142
4292
6902
5085
4495
8628
9404
8582
3656
5920
1488
3609
7357
7372
5519
9196
8156
5051
5100
9384
8537
671
4456
4543
4724
2903
5475
5482
1553
4896
9653
3319
5627
2314
7615
4987
5856
6511
8580
8996
417
2283
1912
4257
2702
411
7315
3683
8212
4408
3045
1834
4577
9366
2892
8154
8964
9908
1693
6722
8219
5727
4032
8353
4982
5852
1806
508
6427
8981
8854
7274
9580
7046
8511
7019
6428
8875
3108
5432
9038
9186
1285
306
9605
9646
401
7962
810
5798
5428
8685
3769
2105
6909
3278
5647
3177
1511
1195
5675
8914
143
8372
177
3002
1858
4029
8386
1682
9253
8096
4855
9145
8824
3197
2658
8067
4999
1109
1758
1056
6253
5762
5501
8886
134
9348
4538
2682
7038
4014
3903
1062
61
588
5902
8740
3079
3124
1184
1423
3889
2578
4075
9937
5651
1143
5664
4170
3029
84
571
7654
3209
6403
9047
4119
1988
377
2787
4910
4799
8509
567
6877
9808
2178
9514
5086
496
6477
2620
1192
1629
9082
1460
1029
2397
3170
982
5369
1080
8400
1390
9497
3236
9633
7306
4796
7375
8448
5808
7748
7780
6194
8968
9597
1493
3484
5834
2933
5868
2358
4916
8495
7967
9173
1688
7985
5853
8936
1485
120
9765
6585
6327
6906
7889
804
7242
6767
8714
6745
7371
6836
9409
4821
5755
4368
206
7081
9420
503
2570
4893
7827
3927
3435
984
842
3566
5323
4189
1718
6453
2492
5927
7437
108
5928
6412
8422
3204
1388
5101
3307
2181
9746
6047
5981
6615
386
4304
9878
2327
4533
3640
5669
2076
1177
8174
2475
1644
9543
8752
9499
5525
126
3570
6558
4322
8993
146
6988
914
9402
6654
7108
9956
7705
2109
1623
9445
4795
4303
1799
7474
8972
8063
4905
4714
4634
3931
2156
4372
2288
9973
6098
5202
6651
5416
4665
191
8837
5379
1415
8631
5337
4204
4363
9114
902
7722
5226
3816
4069
7273
8955
4002
5232
1514
3301
5842
112
5069
1015
2014
2124
4719
7094
9314
2373
6699
5336
7289
101
8429
514
8175
3349
5460
7839
937
8660
5654
1743
7129
8255
4136
6315
3865
5630
2828
6751
4914
3050
5493
7300
2272
9392
2170
1939
4941
5998
2515
4172
8738
46
9552
6634
7333
4395
1123
1359
2960
400
3745
2880
2814
9660
4992
3389
831
9902
6387
883
3569
7518
9115
5724
4046
7382
3713
4537
7753
1704
3603
9177
7642
6757
9626
9396
1946
5260
4283
1712
9656
4403
5759
3128
5422
8328
4448
4617
826
179
4099
7800
9971
8205
4725
9306
6324
9556
1
2016
6874
7151
4480
8641
376
4510
4654
6287
3276
6274
4407
6185
708
4624
3863
9303
6288
3173
7269
3912
9855
6637
286
6291
7466
6671
1919
8169
718
8462
2660
3938
9881
2872
7093
2160
2634
4077
1990
1200
238
9394
9074
1402
9894
7733
9523
9513
7944
7994
2757
3814
1600
1655
5058
3269
8638
2117
775
9921
5789
2392
4651
1750
8301
9443
2738
9880
6228
4186
5677
7112
3855
5691
9311
6021
6446
8234
5884
9532
9424
2427
4144
4564
1226
3770
4739
8828
4646
2265
5394
6771
9277
9176
2711
7411
2404
5272
8214
8288
5279
5545
9015
5152
8010
9641
6188
8688
2626
3342
4599
2758
4440
8483
7394
9869
6036
275
6081
855
1091
7750
7709
1172
8647
638
3258
1542
1924
774
3355
7596
1709
3324
1544
9072
6956
5683
8389
1245
9930
5259
9023
1475
5112
8982
5175
8029
8700
8095
629
8950
439
232
7500
7843
3499
7603
6990
4620
1084
4191
8220
4647
257
690
676
6175
3454
8546
6206
9349
3026
7914
3757
9739
777
3493
2516
5413
7955
175
4024
8895
1947
6004
2003
6621
3444
4319
9586
2253
6439
7125
6054
9324
4885
7938
6793
3120
4049
3233
1421
9825
82
8702
6500
9284
7703
6567
3162
9550
7438
6635
8508
7329
673
9428
380
3539
1618
7215
2214
8634
2106
2654
18
9915
9647
2154
7875
4475
6491
1610
1606
4123
2531
8642
3995
6444
5343
1291
9133
938
185
9041
4679
3370
8391
6276
7892
8600
1434
5144
9416
9598
3052
743
585
1844
9728
9293
3272
7882
1787
6246
9947
649
1289
6673
2031
7166
222
5015
3979
1005
7172
5961
3489
5375
2226
4582
869
9584
5992
6323
214
1230
9807
5207
3522
1889
443
8223
1763
725
3318
2007
7739
6869
2623
4640
9547
597
3690
4358
737
8351
7196
6205
7932
8518
8793
7627
7056
3829
4696
3607
4863
5240
9700
4213
9067
8421
1294
8016
6674
6033
4958
4979
3962
9665
4749
4328
1483
1171
9884
760
6152
3068
9818
6728
3985
4683
3049
8512
4894
8270
4673
9843
2921
9630
4804
4471
1204
901
1481
3121
1798
874
955
159
6026
5473
7602
3011
2743
6164
2033
7998
3725
6272
4598
1622
9608
239
2788
5785
8715
1193
4243
8305
8614
9315
3961
5783
339
3811
5305
9271
2407
3861
4808
1208
3869
9423
5547
2029
5273
4227
147
8282
4842
7856
1846
5573
6510
697
9192
5686
2580
2843
5757
998
2616
3524
4107
8835
4175
4768
943
5684
7973
2659
1634
7871
8858
7766
9827
5032
7546
56
640
8903
2874
2053
8363
6434
9849
1072
8069
7059
2438
7107
1058
4628
4766
5271
6514
8757
5918
3191
4259
8736
7743
3641
6472
9959
7494
9180
1772
5901
1559
6269
9592
4080
9150
7749
782
4426
2950
9035
1241
4415
9981
7347
6776
1329
9029
8342
1465
4477
4883
9405
564
5146
7928
1377
8475
3044
740
4782
6611
5644
8167
6317
5734
9304
6743
6904
3940
2760
1784
4674
7160
4038
370
5217
6952
277
1524
3946
5400
2195
9042
4931
1176
8819
604
9617
6570
9218
5962
2096
7923
4181
9289
6636
2067
1045
7134
8158
2677
8987
2072
547
876
5817
788
6479
1209
606
1394
5968
5325
785
3644
3421
7429
4732
6591
4658
6559
4188
7829
8810
3994
2294
7661
2507
8894
6340
8534
8545
9764
7681
9231
6976
5588
54
1113
4124
6927
4062
1860
8231
9339
3667
6121
6959
2163
5153
1182
8123
2026
8004
2651
3774
9174
7256
7612
7238
5204
8671
6326
6996
2136
8453
2546
6889
9870
3505
6474
1630
755
6063
6739
4530
7977
1030
2263
6900
9566
9282
3885
685
8387
9481
8827
5765
296
7723
8860
2537
3898
9103
1691
2186
5161
4518
4327
7259
8832
6435
4240
3289
8179
3953
9528
2918
445
7187
5268
2700
9084
4044
347
5324
305
5167
1121
7880
2400
3396
9259
1235
7727
6151
4746
7963
4850
5024
2889
7413
7863
3145
3245
701
1190
4391
7510
8990
3313
4589
549
8825
2352
2489
6354
2130
6770
6193
7002
2362
7366
2218
3789
7022
358
3161
8233
5555
8221
7618
5982
6879
3633
1752
6554
3253
3455
7731
3241
5436
6809
6702
6432
6859
2736
1521
8092
2311
6593
7849
4519
5558
2296
1014
1287
6236
3032
2728
3117
9524
1641
2162
65
1615
4377
280
5116
3796
2721
4041
6922
2204
6551
5561
2857
9784
1802
6277
4441
4088
896
3555
2583
383
2586
2519
4270
691
695
441
3862
8084
9064
244
3568
889
5176
5062
5877
9557
4756
9120
4382
1265
4898
9769
5214
7519
763
4710
5754
664
2566
825
2899
3887
1948
6858
3508
8206
8725
9935
2520
3591
2860
8384
799
7488
8286
1156
2832
8716
4482
6045
3600
5492
1937
22
7659
5640
4840
4555
8769
4811
7995
4267
4772
4935
6534
9993
8199
4901
2215
8862
4704
5079
7248
3661
116
7823
6893
1032
135
9489
9127
1082
2518
5160
9555
4118
3478
4462
4404
8105
5774
6410
9165
532
2493
2895
7379
7074
4985
311
6795
942
2639
3033
4697
6067
5751
8213
4535
4508
7868
4730
1304
1248
5454
8134
6240
4948
4376
3090
2810
4879
4031
9237
3063
9875
6329
1280
7460
5199
4552
2922
3506
8884
1598
2325
5166
1036
153
7860
48
5244
1266
3558
4868
8306
9154
9585
5333
8621
8379
8374
1322
8929
8420
9094
7316
2641
4208
5487
3498
329
1628
9696
9085
9748
4989
465
4502
8304
9351
4993
8501
1461
6448
155
7293
9851
1416
3788
9436
3339
8194
1234
6692
9920
4924
9997
8423
1433
2451
3918
8478
2925
3257
2203
7467
7374
863
6740
848
1954
7140
5303
3220
7830
8381
6281
4008
4073
9753
2375
7788
3423
8615
8456
2059
9994
3838
2650
2382
7026
6388
2949
9781
2965
3403
1581
7048
8185
2661
6828
4249
9225
4169
5543
8466
8155
1638
7307
3185
4362
6715
2435
892
7957
9001
7682
9386
7909
2722
9962
8820
7035
6394
9568
5238
9148
9964
757
2138
5802
1886
1466
8098
8162
5850
399
9850
7571
1494
4693
8114
4813
9123
5636
2565
5975
205
2237
5097
5130
3615
8267
4866
3072
8228
4364
3734
1458
5156
4179
3034
8502
1037
8472
68
3332
2247
2935
1221
1022
4338
7353
7697
3030
2998
7690
1941
7893
5250
4695
4040
2594
7016
4036
7352
7804
2755
1767
7390
8290
9417
6055
4792
3584
6513
6647
1319
1897
9205
5140
9096
5348
1501
8044
5899
3461
2608
9916
926
7205
3914
2901
2504
5702
9334
4095
4147
1739
8404
2587
6035
1530
1052
5063
3846
6118
7840
2982
6050
3447
2005
6172
1520
7495
6676
10000
2649
2328
8193
7295
9928
3737
2115
9968
2549
2560
9615
3058
2169
31
1500
1864
2097
3420
8087
5570
1728
6789
2789
7683
846
6018
5129
3574
5973
9744
1250
8246
8489
6617
4010
5203
6355
3213
6378
6867
7622
2193
8840
9212
2248
8243
421
8554
7304
2089
8745
9422
2343
7339
148
1428
4465
8590
1880
5265
2372
6322
2536
8527
4933
8997
6997
9561
1356
6921
5386
7837
8689
2713
2388
7481
1831
2826
6370
7505
7040
2631
4439
2796
6522
6680
9168
7556
2668
7935
9488
71
7199
9136
4060
9185
1326
1225
1479
5534
3844
3513
3363
9787
3088
9104
6556
5843
6969
1372
9139
1777
3005
3679
1532
1360
9593
5022
3815
4329
7127
5190
8433
684
5221
6517
2561
409
9383
413
3704
8480
900
5663
8528
5243
403
8967
7177
8115
2346
8053
706
1309
3920
6925
529
9125
480
4716
7430
1911
5611
6741
2006
551
3736
8925
4145
7406
1830
7415
4873
6540
3711
6954
9885
4928
9101
5408
1256
7320
6813
2691
9536
5591
6650
5289
2942
6924
8226
501
7362
7585
5187
9848
7790
6167
1685
7702
131
5810
7900
5985
5485
4659
6443
7670
5212
1531
4209
6105
2405
1588
4345
7262
9202
7658
7859
4968
957
7004
8620
6619
8491
8307
1590
5179
7076
7051
7869
2582
963
7833
5390
4864
1862
2870
9327
1042
3249
4641
8524
8331
8961
3820
2517
5355
1991
316
1269
2205
891
1229
6853
2369
5803
4738
5389
3211
3634
3900
981
5587
9398
7639
9000
3286
1851
3614
1222
9193
1955
9297
537
8452
2234
1786
9927
2545
2693
9520
6966
4682
9158
3801
3474
6183
8653
3330
9795
9102
3975
5380
3805
8454
7054
1973
517
1873
677
2854
8011
8340
3187
144
4223
6001
4774
3884
7667
5746
513
8265
5258
2387
6450
4740
9360
2413
7848
6613
6198
4460
6806
6398
2793
2891
1668
7336
7555
6711
1724
3636
3659
3497
8558
6930
4143
9842
1907
2512
6506
5450
7808
6307
9188
2146
3356
6550
1214
9863
2271
8971
8625
8720
528
7096
187
9091
8332
3759
4081
3476
6630
2836
3141
3268
8986
932
8818
2009
1640
9031
4976
9106
5559
3682
8902
3282
3073
3750
5967
9406
8473
279
5368
4551
840
4619
9793
5082
5158
912
9472
7779
3785
1101
63
7754
2490
3206
2670
8563
8250
6214
3428
9996
4600
8559
2539
5732
9926
4699
3243
6886
4921
9107
796
2278
5280
7565
859
4781
8826
6961
2614
2145
4632
158
878
2045
9354
6527
2196
1277
1769
6223
8613
1199
271
780
5806
627
9479
4548
7449
4990
2077
5281
2845
4722
150
8606
2835
8135
7539
9554
5645
3511
355
7832
5914
8777
8486
2714
3763
6465
9030
4279
6102
7072
3239
6672
4880
6508
6178
3804
5036
6024
9003
8980
7862
1549
1129
6283
6367
5041
1776
802
2733
1617
1627
6044
7886
1711
6419
83
5535
6157
2924
3966
1368
9857
5269
7787
8627
1877
4228
621
8293
9548
6404
6371
3463
2687
121
7404
652
9313
4690
8594
5276
8754
1381
111
7106
5795
2224
3175
8192
9826
9463
6679
2945
6426
372
8808
8960
8396
871
5334
3831
633
4230
9572
3571
5081
1104
2541
8568
6390
4412
9966
9707
209
3215
6957
4639
7005
6984
8005
2057
3818
7940
6785
4871
8888
5056
3114
9286
3740
5668
3432
3719
4524
7155
5383
4904
9215
2495
9516
1410
2091
6947
599
1271
2739
3551
2361
2260
9662
7218
4512
6195
2902
3553
6716
1299
5781
8812
7143
5658
8204
4572
1552
1401
2503
1741
7388
7000
1262
6582
1306
7562
7499
7811
3674
5001
8481
6760
429
9238
6587
53
4320
1379
6994
9587
5704
9016
8349
1887
2692
7281
8815
985
2834
59
5878
4239
7255
7358
2121
493
149
1675
9281
5148
8587
1555
7323
1218
229
3872
7174
6334
7171
7442
6912
477
771
3281
5963
9307
4416
5124
4491
5433
4398
8484
1324
1558
511
6588
2084
2485
1585
6408
4971
6023
3328
7190
6204
6727
1354
7200
4153
3295
86
6095
5113
8639
8579
7078
5705
1435
1255
3018
6339
1122
4560
3360
3741
292
7924
5194
4443
7532
6473
1111
8157
1482
1369
1792
5491
704
6983
404
2150
3514
5195
1136
6541
9298
5750
1396
1565
1422
562
5005
9609
4878
6137
2653
5499
3254
8548
2696
6660
8190
2593
973
5946
5653
7632
5585
783
345
4544
3061
2357
7365
5439
9247
3586
3515
1848
9987
7427
2997
5854
5687
3119
1146
3424
586
2236
8550
2312
9019
8249
5478
8039
1392
6731
2730
5074
8240
6149
6945
6079
7279
5950
4078
548
9052
270
3451
8334
4390
3151
8911
645
3677
9100
424
4085
4794
7009
5210
5150
8678
7331
8781
8535
9628
3225
263
2306
9625
9494
9832
8504
2579
8617
6825
6799
6014
7873
619
6059
198
3003
5747
8409
9517
2957
936
6943
1009
7031
5953
2705
8143
1732
893
3880
4702
7520
3094
9775
4984
1325
3822
4057
2604
2635
3854
6829
6705
9427
8147
8285
2882
6626
4669
1429
8779
4847
3888
1833
9137
692
1263
4643
1386
666
6
2242
6823
561
4116
3852
4517
530
4417
9542
5401
1383
3907
3510
8375
8675
5926
1922
8687
8038
364
4784
7157
2068
5829
525
3702
3452
9170
9425
9458
4556
6864
7762
8097
631
3579
7776
9551
7099
1175
1768
7968
6038
7899
4333
1892
7392
7221
75
8737
3035
6221
6295
7386
1813
6999
7447
8768
2259
3730
575
861
9195
8413
5800
6304
5434
5218
535
9060
8833
4288
8695
5331
5228
4503
3548
4946
2317
596
9330
6894
5404
4324
351
5233
7311
4884
8241
1041
1049
8915
2232
4199
6433
9446
6986
6520
9248
6808
2627
4127
7812
7765
7979
8414
4827
995
5052
5999
4892
1478
4299
2207
484
9622
4487
2486
6145
5457
5441
4278
8543
5164
7769
454
6977
9686
1906
3304
9868
406
1130
4493
721
7508
3351
432
9390
8403
7197
4973
2540
8505
813
4265
1016
3567
4454
9669
5965
7807
8082
8728
7310
4074
3334
6898
4045
7852
2568
9969
1747
4757
4457
154
1795
5031
582
1794
2542
1791
1327
9806
6171
2801
1358
1872
5993
2680
8596
4882
3663
6089
3597
4753
3017
66
8726
107
8532
7010
3495
7961
8732
6807
1809
3596
8398
1945
7119
7085
5980
4541
3997
3270
4940
2108
1850
1257
3981
8855
3299
5792
2646
8256
8604
2753
3991
127
6299
8774
9974
4944
776
5728
162
3365
7012
1836
3261
8963
2969
2222
9829
6936
6362
2928
8786
6606
6817
6042
1183
5771
7901
6917
8128
488
3300
8573
925
4150
2818
3913
349
2371
8856
1268
1717
2695
8277
8765
8780
4876
5335
4351
1043
1343
1700
3685
1556
9194
3377
8401
247
9998
8605
1765
8690
3733
3762
6384
2688
3864
2689
3619
9230
5108
8682
1034
8030
9682
5617
8789
9727
4383
3283
60
8540
3054
9462
1764
1480
9484
2157
5952
9379
9539
3882
7008
4025
4187
650
1956
9335
6213
2425
6306
1927
2525
9357
1961
6505
5351
993
7816
716
9367
8101
6147
707
6572
9146
4229
8643
1807
1642
894
476
4423
2812
2951
5006
3643
7203
212
4321
7148
4629
1219
9372
2230
6227
287
5235
7064
5083
5697
7021
6602
574
9291
4762
9659
6958
7370
3902
2025
9776
7229
4734
7286
8773
19
9945
7607
2673
8654
2310
3438
7936
6202
6392
4980
1040
2581
3482
5302
557
4164
8366
3689
5930
5122
9714
9469
2825
6963
494
2281
5607
2571
3604
922
4838
5313
2632
7912
7017
171
6717
7711
6454
2246
9569
9433
3509
7952
7678
7204
6935
4146
2783
8013
3397
4173
8355
541
3010
4818
3113
6200
87
9918
4867
7077
2264
3183
7569
767
6356
4969
4079
2366
9092
6960
9773
5708
157
5908
7244
6093
1021
6376
4236
9794
4365
4232
6882
7742
6225
6087
2628
5666
966
3625
6212
2763
3116
2554
4608
3446
2217
5648
2911
519
8188
8173
2754
2591
9287
7981
6535
8195
6462
1406
8395
5410
3532
2465
1323
2333
5822
7486
2990
3894
3347
2881
698
6784
9505
8727
8007
253
8132
3401
3848
6937
8519
167
2556
7132
4311
1921
9455
2807
3218
5922
2098
2292
9342
5002
6182
9260
7794
9434
3618
744
4355
4563
5553
7888
5352
9352
9716
792
5359
4788
6507
862
5646
6561
6537
9257
761
4637
6233
3599
468
974
3354
9007
8676
1048
6414
9811
1039
7006
5264
5512
6991
7987
1529
3208
2430
2075
3338
8275
5942
3156
8319
7292
8499
5030
1737
483
6788
9025
7
7864
118
50
5411
3219
7236
6857
6605
5048
5483
983
6568
9483
7655
208
7217
4384
5438
197
213
5117
8609
8201
5622
5531
1843
3165
3576
9258
9999
9778
93
8529
2133
1909
1896
6219
8254
8880
9492
4007
6516
5294
6827
8721
5065
3580
3747
8166
1748
607
1547
6130
5676
9708
5657
3879
4067
4601
9331
2931
6866
4750
735
1232
3022
6919
7280
3148
5970
1023
1124
5312
1293
4515
7252
2597
6455
1554
4274
8944
5310
15
2940
7521
3545
7730
6312
3143
5037
9279
5650
2074
9512
823
7701
5948
5248
8034
8364
9694
6208
581
9979
7838
90
556
3431
5071
8974
1300
8693
4817
6910
1107
8957
6579
3232
9214
906
1943
9056
9836
6232
8139
312
4343
3118
182
3352
6011
5694
4269
7015
5021
7828
6845
2320
523
7937
284
4381
5713
7335
9590
832
2550
7761
5026
9459
9009
4698
798
7037
857
5222
6967
278
4142
1288
9014
3046
4198
7469
2790
8020
5287
3512
7710
5066
9399
3316
766
595
686
8191
9444
9224
1290
4300
8170
5909
6549
8260
9204
8912
681
7916
5184
4950
3787
5976
4881
4834
4237
2573
5415
9522
4276
2811
8417
9199
4849
589
2831
5867
8867
4715
7664
772
8358
6950
2123
2772
9376
1345
9283
4433
6146
5604
1010
9093
3930
6173
3039
2082
4353
1099
2409
5371
340
674
5819
8553
5353
5562
4516
6311
3082
6192
2256
5205
7537
4263
2748
8247
4463
4567
2727
2464
7468
2351
5495
6642
2551
7648
1366
2513
2640
5947
6509
1808
6060
8937
2152
940
7836
8176
2770
1611
9395
2216
2752
8183
9627
6648
3516
9353
2015
5245
3732
5709
4964
6756
4597
1749
2751
2681
7441
7958
1983
9837
9475
9415
7650
3932
3743
8025
6640
3192
8079
7707
2619
8572
9678
5211
1233
2740
6802
156
434
9430
669
7929
4098
7992
5740
816
1633
5000
9321
1398
1996
4728
1942
1703
9058
78
1839
7725
5635
7530
5859
3335
1971
5895
2174
281
1789
5193
6321
3847
4854
6363
8905
9280
5624
5138
6557
3260
3782
9896
6348
7635
717
9131
8253
6449
5465
8829
7990
9515
7657
9692
997
9882
5589
4254
2277
3112
3773
2450
5220
9676
2127
904
2381
2819
2094
5699
609
7326
1320
7497
6844
4759
1181
6955
102
8416
2422
6774
1745
5298
8276
687
7819
1198
9249
6826
3180
1855
1985
8339
5470
6750
6103
6884
12
1315
6644
7464
8796
7805
1881
4872
1338
9933
2164
2501
5365
5224
6547
6496
4413
2370
6380
713
591
5688
4831
9730
3573
2295
8845
4789
7996
9989
2334
2071
658
4356
1658
2028
7715
3843
5178
437
3673
2855
8023
8196
6106
4536
3331
3411
489
8218
5594
2161
4159
99
9294
7898
5392
773
1643
251
2316
4824
4287
4103
8760
6804
3537
4424
7906
1474
7645
2275
7436
9564
7202
9229
958
1220
9796
1307
1898
6992
7789
4357
9722
3373
9213
5662
9220
8335
2523
6643
9562
1510
9043
9288
6216
9318
8287
7028
7918
3246
3989
6013
3859
2461
6762
1543
2244
466
5616
7237
7450
748
1657
9453
3378
8026
1574
1572
5776
1154
6375
6330
5934
7842
6092
6365
3199
8798
7049
10
371
8792
9563
4166
2166
9175
8099
7275
8209
4485
506
4942
8718
6040
6294
7245
3739
9006
2101
7239
7587
1298
6478
6946
5084
4226
4280
2466
962
7029
7458
133
310
7087
2764
8756
6622
5524
5523
39
498
2647
9549
648
7894
580
700
4925
5849
325
4003
2867
4486
3361
617
1515
2916
5090
3565
6352
6135
2510
8451
7976
9057
9860
6768
4994
7686
3152
2323
8574
5741
1238
2533
6816
1334
27
9759
4020
2078
1903
2547
9241
7253
7801
9635
8457
7272
8171
3996
7948
7041
5601
5874
8322
9105
2030
3941
2792
3738
4522
9491
5484
1426
5769
6148
4420
6841
4622
269
5539
41
9156
1863
3929
4932
3031
352
5583
7927
5804
8795
5602
2049
11
5887
3577
2035
7377
2477
1962
3393
2725
479
7563
1900
4330
6852
2238
7554
6574
2676
6429
9338
7818
2575
5560
1829
1563
6190
4966
8681
5417
3799
3222
745
2603
2227
9697
623
6155
8217
3970
5067
634
250
3077
6723
7503
7698
8507
8868
5969
3186
9119
9942
1413
4670
8576
7813
4790
1713
7601
720
6391
2557
231
4810
354
6748
9036
8298
5406
7039
3315
4277
2745
9800
1917
7483
2027
2729
1363
8710
7069
8142
9296
1019
449
5106
4875
4018
1498
3792
8731
1085
7047
2090
5889
6487
6267
6695
7581
3794
7553
9266
6337
3287
3965
5120
5507
4547
4446
741
2436
6335
5592
2439
4190
248
6571
1094
9340
4323
3840
7666
4428
9251
6437
9954
8368
1346
4692
1671
3742
1999
4089
2572
538
2917
5308
2279
6083
7432
2148
5357
1706
4744
7773
3837
7423
4104
8065
9274
6210
8834
919
1631
6993
7735
8589
8811
6264
7895
3200
2428
598
9002
2522
1492
6544
3692
827
4137
4638
2176
9295
1950
9449
3477
1586
5865
5192
8440
1118
6308
7422
2293
2434
4273
7034
620
852
2083
2574
4612
7463
5851
5168
7419
1442
3154
9486
6070
4955
4072
7538
1244
820
6609
9285
5229
4401
4087
2610
8371
2086
3589
8813
6914
3950
3988
2824
4225
6442
611
3853
8259
7462
4479
6645
7700
3320
703
1984
7887
1788
9613
7030
6863
7969
8564
5673
1449
98
6538
1417
1509
3771
2092
9110
9269
3992
7756
6279
7384
4400
7941
5018
3695
2841
6489
7584
972
9801
2852
8438
2209
9560
7264
3311
9272
4295
1982
5823
5939
5857
6407
2734
4758
4961
3471
6396
4473
6939
9901
1055
6349
8407
6681
1669
9157
6796
9853
9856
6254
1213
3051
2576
2708
2762
9050
6220
7153
8940
3670
5763
1237
6005
6747
6868
246
3065
8665
8541
9934
8346
793
8439
9461
2559
1722
4006
8551
4354
9992
7226
4663
576
7796
9841
2839
5726
3433
3942
3681
6713
1651
8281
3706
9381
6071
7673
5579
9925
467
225
3631
643
4557
6948
3722
4308
543
6072
9654
6915
204
2577
6016
9704
7947
5429
8251
3314
5844
9466
9936
8418
6985
9502
7224
8137
1756
1308
375
6292
2008
6179
4531
8312
7270
2898
3832
8696
7529
5576
3662
9950
7561
4094
3892
4605
5537
3110
9343
7593
5185
9712
9738
265
6030
5274
8674
2797
7595
6688
3040
6607
4687
6913
3087
1134
8258
7346
3171
110
5468
9752
2447
2337
326
8770
6409
2879
4161
5424
3407
9844
8821
3006
3944
9909
6987
4891
4631
5735
5142
9073
9364
9980
4289
8648
1625
8329
9711
5692
7917
6075
7180
7772
7675
3071
4135
6783
9861
3777
5169
5933
946
3874
7313
8376
8525
8992
1721
3521
2993
1044
8764
2010
2988
4667
5814
3973
1137
8490
2040
3554
719
3251
6189
2956
337
353
9828
5711
4779
790
7067
3168
882
8494
1733
7071
4787
211
6086
8958
2345
2243
7732
5391
2208
188
8203
2179
8447
7146
2103
9151
9960
8399
9413
5091
6975
5955
2001
8436
8708
7964
2058
4043
5801
6596
5481
7915
6714
7876
4897
4156
8939
7747
7478
4184
9873
7102
9460
8864
2769
233
4430
3305
452
5012
5529
5923
7363
6174
3952
7767
4945
715
6512
5093
779
8698
407
9770
1847
7282
2853
9570
7420
8970
6043
4903
5820
1430
8377
6082
2884
1295
4152
778
8460
3465
2488
7785
8124
7361
4431
6971
4348
5318
70
6445
6790
7330
4221
7118
4532
9109
37
8054
3922
7951
3751
6764
200
5610
8388
9017
4193
1797
3367
4570
8182
8517
5444
1894
3810
6128
6597
3111
9709
8749
9208
5163
4858
4664
6411
545
1810
3013
3099
2894
6115
3707
5099
2900
8599
4919
2431
1613
7633
8503
5958
8443
4747
4139
9012
1902
3809
1418
2088
7506
3221
3632
4115
7398
3928
9975
2678
166
8977
6934
7544
3561
7368
1246
1976
7192
7726
1835
2212
4527
1513
4613
4393
4745
2363
114
641
4385
7945
9375
8633
7542
2111
9904
8435
4962
4703
8047
6314
3753
4012
161
9336
4155
3538
2313
5936
9432
9632
2871
6530
7032
758
9333
3016
6732
608
1286
3535
8588
3263
8073
3469
9055
105
1228
5915
2269
9526
9312
951
3955
7628
4709
7116
4554
2612
2487
4059
6749
4906
8897
412
2943
9529
5497
4380
9069
3502
8216
7193
7867
3344
2220
7959
6840
9751
1859
5345
4934
2885
1995
5860
2258
7614
9457
2159
8734
2915
6553
3921
8938
8809
8405
62
2767
4386
7902
6186
4689
1013
7631
7084
1647
8066
5346
1117
184
8215
4579
6019
3238
8126
2514
6855
4317
2720
2534
9779
9308
6341
7340
8908
9153
5505
4798
9652
6123
6424
9648
6515
6953
4967
9581
6357
6139
7210
8705
542
3542
2463
968
6039
1905
5463
9721
971
3105
7903
8446
6170
4205
4763
6421
5137
3417
5540
7672
4286
6012
1891
7850
4405
3009
255
392
8017
5474
9264
7288
3896
1083
5642
3806
9191
360
3911
4183
2859
2890
180
176
2374
4197
4158
1591
338
8699
7866
1431
295
7312
470
9741
2947
2667
3176
6892
2172
5656
6298
4908
9767
5542
6931
5796
6542
6068
5845
3317
5282
486
1928
9078
5367
5435
3383
5550
3906
7240
6982
2726
4474
1382
2062
3849
2972
6980
8873
1443
218
3089
5566
8397
3147
6707
8871
5809
5897
7734
1699
6735
5649
4729
6431
2267
1385
5873
8445
8431
2944
1875
6782
5913
4859
5907
8624
3828
7044
841
1207
6134
7426
507
1564
5756
1125
9178
8797
9957
8802
5563
2056
6468
6009
1575
6096
5567
4429
3096
9766
5885
2412
2648
455
8058
389
2426
5959
2418
8244
584
4140
3983
2766
8584
4339
3343
7594
5054
4886
5311
6483
573
8629
9049
4096
3279
5719
868
7854
5216
6438
1081
9299
4472
2112
3541
2543
9189
6824
8913
898
9932
6196
3552
4445
4451
540
9440
1517
4975
7551
3813
1161
3485
2607
7182
2699
9546
1701
5811
1074
8257
7131
5147
2481
9309
6620
4076
5960
2452
3457
3646
2291
3384
2744
1321
5344
1861
45
6401
3345
7276
2491
9236
9670
7566
7696
6132
587
7660
6577
8080
2618
2484
7383
987
7082
8408
2657
2795
8942
9995
5382
2609
3129
6062
3410
1186
9187
1584
5586
9438
4309
5373
6744
7103
3004
4621
1397
5046
2737
7752
4819
2389
487
2192
3138
941
6797
4550
7598
9657
2633
4592
2959
6080
7459
3217
615
616
9886
1169
5003
6077
3672
2558
5698
7231
6415
1842
7824
6061
6440
7712
8300
9814
2476
9636
1027
4083
3886
4093
8108
1920
1541
3122
5986
8018
2455
4721
1969
7175
6949
5925
7439
5764
1075
5938
4571
9385
5731
1672
8778
4494
387
4576
1599
3617
4917
7393
8861
2125
9943
6318
8283
6661
4178
1817
6738
8991
9203
632
9508
1408
3437
5977
803
3086
7208
9011
3817
1258
3164
1910
9278
6854
5208
397
6245
4915
1487
801
9408
5876
5230
3540
5584
224
5155
2973
5643
6447
4609
6359
7531
2686
709
6423
8272
1874
9867
568
7689
6664
1782
2878
3708
173
856
6097
647
6811
7452
1440
3415
6199
9591
4504
4951
9116
140
6162
565
6518
1744
2613
6160
9683
1506
1142
3092
4583
9755
2341
1185
2953
1033
7222
2353
6217
4422
4130
8959
1731
357
9317
9817
1468
385
6117
9691
7974
6901
5703
2155
3826
373
9982
9533
8539
7588
6814
9518
5370
8619
3053
6325
7090
3768
3386
5034
4015
4521
7729
9089
3188
9668
1446
9742
5710
8852
2791
8027
2927
9070
6501
881
23
1174
8701
7302
1550
7926
5105
3635
7391
4771
7716
8500
3412
4464
3488
7694
6730
9984
2063
1621
2912
1335
7457
2981
3718
2024
8947
1139
1932
6032
2126
8571
3893
9596
6184
5089
8072
7402
8881
1929
3779
9621
7638
4268
1841
3190
8637
9582
1649
6266
1278
5590
336
4596
4373
5039
3450
3517
1050
5788
3479
1170
227
6207
7020
9099
1684
3130
2140
834
3800
6284
8140
6124
4645
7934
7609
8822
9044
6417
29
2994
5987
2511
8086
4449
3310
593
8178
7695
9111
7472
2228
5143
9233
1352
7956
6631
9952
6881
7651
8382
9370
129
9239
5339
3212
678
2601
3429
768
6875
6342
1589
2715
9835
1935
7897
4593
4419
8684
1992
6056
4360
7737
6133
5637
8602
3196
5696
5219
806
6262
475
9815
5349
7060
642
5904
2198
67
2685
8618
8526
422
8838
5941
139
7525
5304
3696
6725
9332
4256
2991
594
967
8278
679
6296
6564
1766
9519
4922
5154
2805
1852
4247
8632
2410
8772
5364
5358
8709
8664
8163
6309
2893
3588
24
6451
3949
4899
9227
4342
259
5527
7431
3107
3616
1923
2809
1059
5350
260
3400
4888
3059
7407
3645
3638
7745
5786
8800
8667
8211
3720
4350
3990
7001
3041
4514
1302
7771
2979
6803
4775
1098
1071
4148
7815
9143
7484
8316
8766
9275
6978
6592
9571
4653
2666
5088
8107
7428
1314
5277
5307
7592
136
6528
2624
5016
5997
320
873
189
2863
1131
7855
8636
6379
168
8035
8303
1527
6778
4245
1612
183
427
5551
505
928
2785
1105
9823
2210
8168
9611
1006
2472
3731
9426
4943
3459
5634
497
4506
7247
4028
5180
3601
4791
5409
302
7267
948
8392
4121
8014
9903
4325
9149
8000
2380
3398
7757
8951
8941
4284
7296
7195
7479
9967
4996
9138
418
1975
7324
8566
6822
7793
8549
8763
5297
722
8598
8469
2289
7207
1569
8595
9650
1420
8506
13
7219
7053
6656
1188
2934
2168
4657
2348
3993
9344
2336
1028
2285
2182
927
6493
3868
3467
1391
1601
3466
3376
8514
6792
885
5988
2822
8161
3752
1004
2846
3395
3883
8496
6150
3172
6668
390
3425
4021
4678
4861
4843
6779
4913
654
3000
128
6316
849
9614
216
7806
9478
7674
1331
3337
9530
4545
9791
220
2453
7599
646
1607
3440
3504
3954
2622
1570
6787
2331
2211
8036
614
9159
8186
7380
7194
7122
9347
8402
8239
3525
492
4359
7817
578
7227
5188
9756
7033
2526
9651
7454
4418
7305
2393
4841
3237
9574
6979
8806
2107
7523
6754
4478
1526
3746
3623
9637
3860
1459
6521
5462
7189
199
3205
1908
8430
9729
7677
2469
864
9758
7230
132
5837
4603
3265
6293
3252
4039
6104
6972
3323
7738
7822
6058
9612
602
3500
9897
3391
1535
7364
4013
3936
3665
4918
7896
3626
3201
9325
7629
1486
3581
5467
6416
8920
5983
3048
8652
1790
8344
6973
2913
315
2999
2081
8650
3904
1710
2780
9163
1332
3327
3877
1061
552
9328
6942
3827
9521
17
8679
6573
1823
3959
7212
2671
1567
435
3490
4769
2830
7408
5716
5791
1916
8089
1191
4983
1087
6938
8887
2986
3267
8927
242
367
6729
6400
8585
72
5870
7809
1659
1173
9988
6346
3717
9245
4610
1804
4064
3544
5035
8432
446
9768
2411
8412
7802
9316
7786
1095
2555
1878
1469
223
980
3821
8280
6126
1579
8021
3559
4700
6085
1646
5239
4394
6652
7504
5363
7232
8225
8668
3776
6177
3833
1138
9319
428
264
5896
7198
7465
5794
9911
4120
8954
812
2704
4963
4611
4686
5442
1008
3790
6663
5784
9256
141
7089
5412
6499
4004
4097
1347
6821
3106
6163
7600
4947
5577
4388
5935
7641
4822
7101
794
6260
945
1981
4219
8141
539
5419
7784
1090
8522
5109
6159
2662
8425
3081
6610
3703
2132
6684
3023
1407
1318
5431
5944
3793
2765
1330
7676
4011
1259
1608
1960
1076
5929
9898
2280
3678
1452
1313
7982
5299
2630
4176
3857
6008
1247
4459
9871
6397
2417
8180
8464
8758
6918
5911
1650
7691
1951
1017
2149
5943
5760
5812
6773
7949
6608
2497
1079
4930
4216
9167
3968
4207
3694
3434
6638
3275
1150
8357
3501
7396
7930
1624
5070
4022
3468
5678
3102
1086
9480
6916
5833
929
819
8330
8078
5448
6034
5660
9184
9412
9763
8385
3784
6951
9735
7870
2849
5580
5787
7548
5330
3273
9363
665
5672
8338
1708
2356
6849
7549
8607
7359
4498
104
3228
44
7547
1667
8336
8181
8419
4677
9862
9559
3372
1690
3761
4214
3159
6377
3780
2468
978
2309
8969
7400
3639
2779
8591
4549
3070
6843
2851
6120
3248
6932
5503
7421
7401
1632
6704
4713
4652
243
850
4680
8229
181
9642
5506
5881
7777
6586
3958
8533
2500
9671
3296
2139
9112
1800
1399
9254
8052
4291
8994
6584
6226
5836
3808
5257
8935
4294
3526
3312
32
3925
4649
6052
8733
6733
4210
9565
408
8252
8869
6176
7188
3675
6099
4590
3823
1583
6222
3060
4050
657
9655
4218
4642
3655
6234
1734
7241
7158
7007
5957
6690
3291
330
3895
6469
9718
6406
9183
1683
6255
9749
808
807
5261
8956
6657
2223
4035
3100
3657
5042
9906
2297
9190
653
5075
7502
828
3697
5832
9955
2051
2120
4154
7376
1077
1660
6703
3259
4117
6871
3064
6209
1899
5458
6612
3076
4723
2087
8742
5094
9034
8623
2060
8150
6112
1762
1930
9623
7663
1438
1546
8075
8347
6197
8645
2598
3235
5388
3630
7066
2266
5919
4421
8879
7684
5770
8670
570
1998
9108
6101
4998
5496
3202
9690
3701
6338
7036
8919
4553
1626
6628
2683
8976
6842
9893
6463
3772
3358
1970
2800
3951
2768
4112
2298
9830
9166
425
8051
8474
9698
2985
897
9302
2528
6810
9198
4837
4959
5557
1201
4802
4815
6373
6048
1545
7086
8210
4106
2750
509
7608
3724
9076
8843
7606
7688
2987
7760
7185
8136
1205
4065
4776
4526
2562
1653
8933
2611
7943
3037
9329
9774
9645
8697
6604
2429
3414
3651
888
9124
4937
1073
3056
9990
8516
9663
1536
4128
5937
3624
991
3224
6629
398
5824
2735
8015
6765
4344
5827
5200
8493
1236
9507
8719
47
5372
7309
8878
9493
886
635
8953
4138
3472
979
4378
3791
839
2480
2276
9616
8465
9255
2307
1780
5452
6108
2365
6590
1477
379
6049
3443
5793
7018
4019
3726
9804
3595
6627
702
453
7579
909
3390
9910
5632
3945
1427
6418
8791
461
42
3916
2270
5779
3256
2241
3153
2742
8999
464
8839
6614
4200
1197
1261
4151
4602
7235
7285
5612
1746
2119
7763
7845
1663
2322
4688
4122
749
2952
1092
3140
5556
605
2707
7433
8264
8061
9374
2144
4733
2806
9731
4800
6386
8850
1463
668
1489
6211
7213
8998
77
2262
9740
235
9456
8949
1645
3858
249
5494
5858
5461
5316
6402
2141
3226
7461
3266
7055
734
7713
8345
7211
2467
1484
456
4874
1614
2585
3019
8513
9972
8450
5749
6022
2240
5872
9983
7493
7485
3198
5135
3091
797
2252
7922
5014
2989
7389
8651
2021
4489
3163
1283
6091
9473
5050
7303
3767
5418
3406
4954
9242
4623
3764
7003
5979
610
2440
2100
6833
4185
1666
2349
2048
8406
8060
4110
1687
2823
9890
5251
742
4586
977
4349
6759
4803
3021
7453
9684
6053
6153
1057
4056
9389
3798
3999
9083
9912
6303
4580
1395
499
3598
6683
765
1773
3078
2954
5818
637
7186
577
8523
282
5655
9077
2638
7113
3306
6539
7795
2286
9679
2909
6565
1519
8356
7878
6243
5990
6467
656
8989
829
3480
870
2595
8872
8586
5869
2966
7314
447
4030
5520
1801
1856
3357
572
1980
4450
5536
1933
2303
1548
3126
2674
988
9922
3405
4406
2189
4770
5471
5300
1725
6319
9604
4255
4102
1761
9337
4830
5581
3901
3671
1796
8966
7480
3277
6100
6020
1504
8337
4066
7851
9603
7233
6710
2813
5996
2479
7577
1020
7591
6300
7470
221
4588
426
3976
1371
164
194
5772
3321
994
4052
4109
6525
1805
122
1689
7736
2873
2386
8224
3899
4726
8893
6069
4241
1114
910
5486
5177
6000
5007
2865
7399
756
288
8577
9553
5886
815
1597
4630
3967
3375
5098
3419
8750
2315
6231
450
6250
3379
7717
2419
4735
2864
8085
293
2643
8056
2416
1781
9858
6278
6486
1779
8310
3075
7489
8442
7243
5890
8748
6594
5237
4705
8759
3909
5906
9140
3876
5125
7744
830
2615
1160
5745
3583
9161
3652
448
5423
6678
7942
52
245
2718
2961
3593
1571
7496
6798
865
6885
7052
7528
1918
3803
1890
2850
2456
6633
5514
7512
6563
7687
6694
8237
1166
5253
7834
5488
3402
4887
6926
603
1378
1380
9053
1936
4271
3142
3115
348
4455
5189
6504
6923
254
2817
2803
8459
8492
705
8724
3518
696
8544
9724
5571
7261
1093
1414
343
5575
3605
4307
990
5118
1944
9907
3242
9719
4177
8028
8924
5689
6603
8323
1963
6752
9847
344
5500
57
7527
4977
8236
2000
7890
9702
9899
2355
394
8268
5733
6641
7759
2433
267
5989
1180
3160
4492
276
2506
2869
5
4860
8359
5045
5278
3178
8943
4711
1720
7167
7298
9887
9797
5342
1100
8415
4369
4561
4743
69
8948
1102
9341
2606
2443
6181
8597
9762
4829
3721
753
4656
6616
1342
8373
301
1979
6143
923
8390
9235
6241
1577
2290
7626
268
762
5552
5892
4196
1351
4927
688
5932
8045
2153
4626
1870
6290
1187
4923
4113
6229
3381
207
8274
2175
3933
117
8680
9250
4414
3715
9439
3109
3150
7911
430
1820
8477
1108
8109
6639
672
1989
6736
5157
527
3325
2254
9705
4562
6381
8603
3754
1276
2359
6566
3456
5010
2672
2833
4833
324
1866
9991
5502
9588
8538
9397
9022
9761
8877
8002
2158
5361
4470
3547
6700
4090
9872
5974
661
2344
7124
7277
9706
5162
7535
5620
8630
3563
2064
8059
2018
3409
1603
5132
1419
9068
5721
9464
1127
905
4337
844
2505
7482
5055
2110
918
2446
8672
3647
8476
2773
7557
8318
3969
6536
163
4569
7142
6259
916
2257
2261
1673
9745
961
1662
3404
5127
261
9701
5288
2202
5613
6719
8127
4525
8640
1616
7543
2747
9268
5196
2406
8635
1110
3866
4523
5374
266
2774
1566
6595
1024
6685
3531
64
2367
8120
7498
7065
6064
1140
4335
5059
9300
9859
2887
192
4595
473
8208
4266
6156
5396
9737
9786
5327
1317
203
3749
6305
9217
8262
1648
5328
8883
3723
3727
5693
5510
5296
2665
6691
9905
7905
3132
7179
5714
2319
2415
3426
8846
4192
1149
5172
4853
5522
40
9498
2324
3481
8784
8279
2129
1167
7136
1144
3216
9813
6484
6834
625
4305
4332
2548
9757
2284
1639
5020
7883
2034
8327
6519
5480
2838
9171
7097
3024
6589
6899
8032
8782
3797
2984
6073
9476
2992
478
8703
6046
7011
3919
5275
526
4005
9122
3189
5427
3470
4546
8159
363
9703
4206
5517
6870
6503
8916
6310
1771
6526
9693
5315
583
9098
9418
6693
6801
3977
2756
759
2724
119
7847
9799
1525
4636
6555
6846
752
5399
970
7768
4568
8022
1148
8198
3620
5134
6724
1112
5114
7792
8046
8556
5701
8776
8248
9243
9812
5871
2669
8291
9710
8610
3125
7656
1826
1679
3297
2377
6897
396
6029
9785
4783
2199
297
1153
9388
9607
8077
6624
9228
8729
662
2509
2995
7165
7986
7317
6230
1376
7741
4248
935
2567
1499
8583
7095
8847
7332
6533
9032
590
5695
9782
346
9531
3917
5087
2399
2122
6109
7685
6880
3294
838
3712
3136
2046
9895
193
2529
9062
8455
2494
7328
6328
2104
6905
5477
1444
3418
9059
382
1164
2717
8644
8343
8984
5376
8865
3340
4469
7349
9760
3556
1738
4086
5489
6599
739
3308
510
1447
6256
7704
2761
4760
5593
8646
1001
3097
911
544
550
5931
4823
3007
3292
8090
5839
4272
1821
6336
26
2524
6623
8129
2231
1065
5667
9839
1814
9162
5314
4244
2883
4816
5227
482
3174
4312
6017
7254
2746
3473
2054
2011
5027
8122
9010
9500
6353
3036
7050
5729
908
1405
3924
2135
4387
6819
4737
3293
7826
8844
152
4625
6831
2749
4672
8189
6895
8836
731
8657
3127
5115
3956
1496
2820
91
2886
2354
7183
1404
317
7545
7176
3841
9182
944
2948
1339
1411
2066
3303
4534
5136
9877
7154
7228
8775
4660
174
103
4731
1783
1818
1275
3612
7501
4293
1893
34
8354
9595
976
1580
4507
2050
9734
2904
7024
7283
6896
1312
7214
1374
4684
4926
6974
5752
5516
6248
333
7319
504
9210
9619
724
3322
300
1194
2552
7913
4070
5456
6350
8891
4575
939
1011
7173
3057
5209
8569
7925
4346
853
3475
5407
6998
6430
3934
1281
8985
667
6658
3557
4681
1387
4895
5945
6659
7162
6395
4432
6476
55
4481
2274
5504
4047
290
2069
7322
9490
2061
699
7575
4706
9747
4809
8463
7410
7550
9129
2239
3611
5341
472
3194
2421
4149
3290
1336
5521
5625
8
9037
4929
7835
9305
2684
4691
7443
8926
3329
670
2235
8706
7740
3910
6129
8542
7057
8848
1994
7092
7988
4720
7341
3890
1097
4539
5263
2249
8593
1202
7061
2360
5013
4306
822
4361
9687
1828
7665
1159
9599
784
3487
6835
298
5910
3371
5530
5472
2837
3385
4836
3756
7920
2022
7360
5720
1361
4761
5951
5242
2408
732
5111
7130
2958
6968
1560
5880
9949
592
9326
5956
7623
4662
5659
9346
9732
546
5917
92
6364
5057
6677
7446
241
7490
4845
4701
7342
393
8362
6598
1462
3873
5515
4101
659
7975
6116
2848
8148
9951
6772
7249
1793
969
1959
9013
9792
3775
1348
3908
9924
5267
3496
7128
3710
2201
9644
5107
6065
7246
1966
9075
2842
2044
7337
481
518
6273
236
1952
9576
1507
4520
8160
7170
7156
7640
165
1051
219
5758
4633
3137
8485
2460
9130
125
4281
4986
5712
6578
2424
4500
9450
378
5283
8041
3687
7872
3897
1274
9961
4224
2976
8694
3926
5736
5995
2255
2589
9411
1582
1914
4953
423
3234
1729
9674
4997
366
5171
6818
2644
6720
3080
1686
9359
6670
2530
618
5145
2055
8659
1116
79
746
2442
3587
4949
5191
8932
3442
2047
4318
6144
5476
996
5479
7387
5707
655
1212
1120
7841
1778
1876
9534
9798
9431
88
6800
3878
9086
332
6459
74
2741
4685
2339
9845
3462
7966
2588
8071
5949
7572
9355
7062
1437
6698
5777
9575
1512
9889
9643
8222
5718
8145
7149
579
3255
4870
5293
7403
4594
170
9736
8055
6475
2690
1879
5103
3158
5638
319
1400
1953
3460
1211
3867
1605
1031
1702
5722
851
8743
2786
9789
9008
3519
5231
3285
1060
6271
2908
6737
145
781
5606
3271
2938
7405
5266
7783
5628
410
328
2967
6941
2039
6168
8767
7514
9081
2012
6665
7278
9725
3015
7517
2862
4366
6161
2698
6583
2920
4718
7477
4009
5835
6215
5863
6393
7181
3399
6712
5332
5078
6669
7385
5256
4000
1760
1987
1596
2282
8165
7540
2188
7980
3881
5096
7184
7526
7014
9879
2946
7425
4911
8666
8735
3648
5159
1155
1755
459
5631
5173
4780
6191
8242
3184
6763
7251
5661
3223
2085
8831
2847
2099
890
5568
9021
462
2023
9772
2499
1854
7680
6944
1189
6970
6297
622
1064
9939
6066
4675
1424
3062
308
986
9018
1522
6758
4129
1224
7351
7671
8753
2177
626
3280
8801
322
8863
7257
5743
309
7117
419
3346
6891
6249
20
6490
8434
4857
7814
9658
7434
7356
8557
5615
7559
342
8946
9244
6531
7965
8146
2
7919
7970
9380
1698
3326
7634
1681
7223
1740
8592
8200
2396
3834
2180
5104
1849
1968
444
8117
9063
8370
8983
7343
215
4671
5426
8088
414
9369
6480
5165
365
283
7448
3939
1925
5546
4313
451
3935
5447
4655
555
9435
3047
4034
6701
3839
3758
1145
5518
502
4379
6687
7997
327
6051
9400
4111
9874
4297
8487
6839
2645
7234
3093
5077
8125
1997
6755
924
3083
5508
786
5421
6127
4453
6320
2444
9777
440
2041
5533
2706
4125
3014
16
8626
9382
8921
7803
2919
2185
9117
5623
1026
3871
3755
683
9573
1664
8449
2866
323
6498
8458
2449
8311
860
8497
9391
8979
5340
4063
291
9485
8761
3167
8751
2799
4260
5381
3181
4573
1472
6878
2709
999
9854
4126
5197
2448
3020
7308
903
2784
5715
1822
2861
2335
4991
4828
7646
3594
7266
6569
4835
689
4061
256
4331
4939
4574
3069
7191
2564
3084
8352
138
7271
4334
7515
8722
5700
2697
8692
7746
2923
7908
8900
362
5846
6850
6580
1977
7075
1505
9028
5241
536
2929
4310
1128
2268
6265
8794
1491
4565
3560
4851
8853
6667
7706
7853
8917
1753
9578
5170
9410
2116
710
4201
9866
4301
5582
6734
9179
6860
4786
4160
6883
5119
5236
4444
8467
8040
9970
2004
1272
8081
3182
3658
5213
8230
4165
4676
3748
485
9477
3534
5360
3453
5864
2151
5614
1694
6027
651
624
1165
8928
4616
1551
3700
1819
1303
630
6369
4326
9441
867
7225
7083
3392
3606
7114
8031
4889
4131
178
4862
2321
3042
9594
1223
4314
5737
474
8561
6812
4051
5395
2093
8093
2815
97
3169
9407
5565
3133
6084
8555
2970
3427
402
4890
4877
563
1089
5574
6275
7576
9802
9487
1742
7597
2716
6794
1264
6777
9838
2802
8333
5597
4202
8859
217
1243
1254
1497
6460
7589
7831
3
4316
4442
3523
9206
5964
442
2906
612
8271
5706
2535
7395
3660
1812
7045
2079
3179
8805
8978
4048
7844
9320
4558
7250
8295
8461
6780
6270
6078
4587
9377
1915
8866
7821
2926
8292
2602
3210
2131
1018
3528
9265
8006
4282
6119
9378
7178
8747
3250
6689
6090
5569
8658
9695
8284
7861
1119
4437
3842
9033
7881
6282
7265
8898
9558
4496
8918
1364
9883
4920
9601
7378
8655
9079
5831
3394
1695
8814
5671
3564
7338
1355
9135
7653
1716
51
3095
854
6523
36
9688
4852
2778
4988
1533
2963
2251
2827
6286
836
3836
7120
5234
2600
8360
9350
186
949
33
4302
2338
6351
5891
4054
1853
109
1053
751
6766
7073
3984
953
2930
2584
9066
1297
3353
6805
805
1476
4374
4195
5149
4315
6125
2273
7662
2617
2971
7570
7910
1884
2134
1759
2983
3688
6618
9511
9963
3937
4352
2483
7971
7139
2398
7693
5033
1926
4970
3494
3669
5685
2184
3527
5782
9538
3699
2932
2875
5816
1714
7857
9672
4367
1464
5621
7088
2043
1827
712
9892
2482
3705
2759
8308
3264
1454
8704
1249
9713
9545
2663
2629
8849
9429
1661
9221
3449
5425
384
531
6781
7907
2432
3387
9051
1726
1252
6331
9977
1561
2017
1178
6237
3653
335
1163
9624
1344
5092
8578
4427
420
4425
1865
9134
2368
7617
1227
7144
9501
4246
5761
4167
4805
1727
272
9071
6485
1305
4092
2213
8144
4258
9361
3364
6372
4180
8601
9780
1273
2190
7921
9467
3795
169
1450
9685
1003
3948
160
1885
1539
9541
2977
359
5773
4578
9362
9929
3668
3074
1168
6546
9816
6006
6532
8103
3012
8424
262
1974
3362
791
5011
8100
7755
5805
6488
3760
8428
4820
8341
4
9723
2342
4501
6682
9403
2394
9577
1986
8488
7605
9965
2459
1656
6015
2194
8326
388
1451
3744
4801
1775
950
728
4661
8076
2732
1867
2037
2401
5317
4604
5437
6332
4484
7534
5306
7586
3986
4825
3441
917
8788
6201
6995
4389
515
89
7931
5064
5629
4231
6366
5600
4748
3957
9061
8378
94
1350
9689
3987
7424
369
5201
8892
5183
1455
4132
6742
2042
5387
7058
4826
5123
6848
6258
5680
5215
5126
9900
6302
7135
9589
1678
7318
5848
6238
1508
1333
1931
5984
1389
471
9600
833
5455
1046
2350
5420
6154
5025
7373
5102
4912
7989
4262
9452
6361
8762
8113
7042
5449
553
7416
9664
2329
1503
8361
4370
520
4347
1409
8934
2143
8116
6851
6247
9222
38
6482
8266
800
9680
1832
8164
8570
3448
1845
7578
2458
9172
7159
7381
3637
1210
3629
9200
5830
9914
2420
1993
100
1502
9503
8153
5815
1707
1217
8746
1251
1965
817
4275
1735
6911
7820
5225
1147
3550
7321
3578
4296
2642
6242
4242
7643
2974
436
3613
6471
4409
6301
4252
9323
4023
5778
663
9232
7492
4644
1676
8816
1441
4461
2302
5131
4483
3043
3621
5665
1595
9865
9039
921
9447
3691
73
226
9876
9246
1637
2065
2664
2703
5073
2020
6113
7567
1715
3602
8207
9322
8001
1957
3781
1840
7100
4250
636
3027
4767
123
7369
8995
9852
1592
3972
9606
6502
490
6333
6696
9667
6646
5378
1816
7993
8110
5916
6280
3851
4133
7440
5356
7583
7714
3166
6600
8799
3350
2385
4114
6524
4234
7782
4042
814
458
6114
1403
4182
8325
4001
6466
9470
4336
4960
1576
142
5838
5329
1751
5076
9525
5440
8565
5290
8172
8870
5861
9097
9958
8562
7115
9649
350
6861
7637
8394
8803
6461
960
5430
1337
5040
6903
3416
6389
2521
2471
1815
3649
9155
7294
764
8062
1467
3642
8882
5690
5249
6908
6481
4434
1069
7345
9833
4163
4832
7491
9864
6964
9717
6791
2781
9544
334
5940
2441
2592
3503
8787
8560
1803
600
9474
5509
3458
5403
237
2605
2777
2508
4542
9819
195
5538
1357
1216
4764
303
3139
7625
3486
313
2347
7397
952
5445
5186
6122
5181
4797
2496
9026
274
1253
9640
190
8785
1940
6981
5139
8876
3982
4754
9454
7258
4585
7649
469
4807
8510
1068
8945
1311
307
6383
6706
9919
8289
9805
8104
1349
8901
2474
1824
3380
5900
6887
7874
2996
9356
6456
9790
3422
1869
2171
1518
9535
9024
1730
7435
7891
1470
151
2113
8202
9270
3464
9263
8232
2937
4091
4447
2019
4846
8426
8717
2905
2975
3098
4650
5254
7751
1857
7509
8074
6933
7220
4194
6847
2723
3144
9917
5377
9113
8922
4068
8049
6837
2794
9495
3135
7533
975
4972
1978
934
3374
4235
1432
4396
2200
7524
9510
3974
3943
554
9809
9675
7758
8669
8965
4614
4974
8842
6425
2250
4497
5903
8711
3812
273
1206
4134
9527
7080
8930
43
6989
5748
3492
8536
1967
7137
3870
4438
5362
5549
6928
2383
3348
1157
4105
747
5291
2287
8369
2191
845
6003
6031
989
5338
3664
5924
8923
7885
368
4033
6413
4222
7877
201
8723
76
6721
9373
1162
9414
9027
9822
7025
5882
1179
4053
1453
5043
6560
5469
7301
9803
2694
431
5252
2470
1619
4082
6543
5670
3590
1240
5017
8299
9891
7778
7939
5775
4468
9540
5023
2300
3572
7798
6399
2478
4016
9080
6203
1904
9733
6289
5347
8909
3891
1723
2731
560
4755
1284
8112
6495
8612
4505
6010
7299
5978
4736
9821
4340
1825
1568
3964
3491
3766
1594
3085
6028
7573
7152
4938
2332
1115
3622
3195
9537
8043
3203
5541
7027
711
4812
7718
9045
4037
1674
7412
6074
8261
3359
3582
6865
8102
7098
1260
6107
4902
7879
6358
9985
3413
7904
5652
9240
85
5608
2070
2679
1882
875
6529
2318
8741
1938
9393
4814
7456
6244
9923
8427
8857
9132
2304
4900
4290
2147
9442
6632
7507
2038
1665
405
8365
2137
5047
7417
2340
8515
9197
4171
4909
9365
4668
6368
7418
5284
6180
3680
5072
4488
4513
1328
9946
569
3729
8321
2498
106
4375
3240
750
113
8245
6464
3845
9666
3628
1215
7960
9465
2173
415
4108
5639
3302
1719
8482
9579
1047
3104
391
7473
1296
3686
6385
6653
8437
5879
1471
5841
3038
7621
2454
294
4559
6025
5384
1425
9387
356
80
7865
5825
6111
2197
887
2423
5459
8771
7564
769
3824
6094
4458
8889
644
9944
5544
7560
130
4778
6235
1473
723
9953
4606
1066
9401
1562
8033
3978
331
5905
5768
7858
5526
9810
9234
1012
1445
7825
1063
7580
9046
1754
8238
1540
9504
3430
7079
4411
35
5319
8008
9152
4157
7164
2462
9147
7719
5223
7354
4751
7216
1964
8807
1316
9618
7350
9181
4264
8471
7775
9207
9888
6239
8313
3298
3134
4392
4467
6769
6856
4777
6862
1490
2868
8744
6452
1106
5451
6888
5247
521
8904
8686
4793
4162
7610
4397
1301
7068
8885
601
4936
5921
7950
8874
5398
4806
884
6261
7884
9482
49
3915
7367
9840
5840
4511
3008
1000
8348
2402
5994
2229
2376
8973
8470
5766
4965
566
4752
533
3388
5295
7933
2142
6662
6726
3028
9913
228
299
512
4865
6820
9128
7287
8302
2299
1602
4233
9583
4017
6576
729
660
2962
8567
1158
8498
6187
7110
8677
9048
5739
8314
6625
4509
2167
2656
137
6470
6007
9121
9118
3207
7511
1340
9639
7150
1958
2414
2914
3288
7327
9941
6929
3229
2897
8121
7619
3001
2165
4141
2390
6313
2128
1680
2378
7201
7679
8138
4856
9699
8094
341
8235
7721
9126
7797
7728
7471
304
694
907
4490
3960
809
1439
6224
3698
3123
3155
2808
2527
1934
2080
9292
8608
1654
1367
8552
3786
9252
6675
1557
9358
491
1537
7692
1697
1133
4607
2569
2553
3214
7846
7774
4869
8106
5061
837
8320
8783
9567
6252
4742
8988
7043
6666
4694
3807
7091
2183
3980
1007
5730
4708
6838
5605
1384
3436
4839
5603
2910
3066
2936
3483
6110
947
2187
5292
2002
1038
9419
3693
4285
5393
6962
6965
7516
6041
6257
2907
7574
9661
6655
5767
3274
5513
5972
5053
8616
5174
5862
4410
1292
899
843
9471
6374
9938
8581
9040
8070
5466
7611
8133
7334
1538
8712
8294
872
3923
5326
6166
115
2544
5548
9345
2473
9095
2233
6285
6753
9211
321
8907
8656
5626
8707
2502
4499
5255
1365
1871
5619
4212
6497
2798
8444
2941
3439
6709
2114
5060
1888
915
172
2563
4466
866
5790
2221
5402
2896
8048
3728
8350
5270
2775
3533
2876
8441
954
5464
3714
1757
7290
9631
4071
3998
7147
8755
8024
6815
7133
5446
4399
7141
8380
2675
3247
6347
5826
416
2326
7126
5742
956
559
7668
28
8520
3905
7799
5133
9160
2384
7105
5912
3963
5182
495
1457
3101
1267
6649
3445
9310
7444
4952
5821
5498
2391
5532
4436
210
1620
8899
3716
5966
3765
3546
7652
5285
5121
5511
9144
457
234
3230
6686
9634
9216
438
3341
1587
6165
6360
1534
5322
2599
7991
6422
8068
5286
4298
6562
879
639
5780
6920
3507
964
6786
1362
289
6907
7613
6746
4956
196
628
8910
6218
4027
433
736
1811
6343
5598
7983
1652
682
1523
1151
7451
2305
6775
5725
7414
9276
9948
1078
7636
4203
25
7669
285
3947
2245
4566
7476
9267
2655
1838
6436
3336
3850
7109
7104
3529
3830
4055
3592
2364
1949
4627
965
5894
2118
7954
5019
7325
818
5753
3244
460
7791
8683
6088
5068
1448
9677
847
5009
524
3103
4168
4261
1132
258
6548
3193
96
6872
9141
3227
9726
1126
4220
8227
6002
7764
2955
1895
2816
675
7063
522
4217
9209
1393
5738
7978
1310
374
9754
8151
6697
2939
9065
7946
5847
7568
9054
4741
202
8739
2701
4540
1578
7013
2858
7720
3368
1135
7624
6441
8662
4765
7111
4528
3067
8050
3055
8691
9290
5528
5385
5599
7620
3333
2206
8131
9986
8830
770
8012
7209
2652
8823
9820
7145
534
8661
7070
2095
933
8273
8931
9720
3684
230
6458
8575
613
5453
4981
8663
1913
959
730
2829
5954
8649
9201
4635
395
5397
1609
1516
4978
795
8003
5490
1282
7409
8790
95
9164
2532
5004
5866
8479
9831
4995
5405
2330
5723
7487
2590
7781
9976
835
9610
8064
2821
1231
693
6268
3536
3608
1593
9468
9978
7355
5813
9169
2395
7284
3971
3549
8297
1770
880
5875
1774
8009
6140
6494
1025
4026
5414
5797
1203
8521
1035
7630
4211
4785
58
6890
9715
8019
6345
8673
931
1103
2804
7291
2719
381
5618
8890
5641
5893
6136
754
7161
4253
2596
8713
7513
5596
726
1436
4707
3802
8383
1696
1901
14
5633
4238
7475
5151
5262
8468
1373
7455
1096
8906
3530
3610
7123
500
6581
895
7344
3146
8130
7169
5595
9743
7558
2032
5246
5110
5564
5682
4402
9602
5366
8367
8111
6405
3783
1705
5744
2782
7260
4452
8851
5206
4712
4591