481
763
635
665
743
71
865
411
461
516
301
530
451
93
846
32
440
438
590
872
274
70
193
820
290
85
473
100
492
349
317
878
710
939
716
966
595
333
756
565
771
990
537
324
855
833
373
128
400
176
172
255
314
640
700
229
748
496
75
929
241
759
965
891
598
835
239
857
842
498
930
795
319
335
958
767
471
421
673
353
296
932
24
143
811
798
211
652
639
695
870
243
380
838
675
486
190
175
881
54
145
585
84
205
4
302
264
443
612
198
156
608
736
277
18
553
863
830
751
341
546
448
383
361
92
166
907
733
115
770
938
17
711
142
525
206
562
297
240
123
376
207
925
561
544
101
220
827
765
374
968
636
478
221
30
463
199
948
864
132
545
972
692
152
991
946
527
967
851
646
320
141
98
253
334
680
821
14
197
455
557
917
574
803
377
717
328
890
402
512
119
542
877
621
311
993
992
57
287
529
348
926
506
236
184
686
793
250
737
550
921
21
959
249
897
292
458
323
419
191
643
593
10
288
212
607
470
326
819
168
399
653
650
187
467
533
118
50
401
666
23
947
777
709
216
518
265
480
668
482
849
356
620
116
725
954
980
223
792
957
721
752
224
252
388
436
915
382
735
386
227
344
327
888
757
634
493
109
655
242
343
291
499
817
88
994
9
150
505
22
140
895
408
603
11
789
626
784
558
275
67
570
637
298
62
472
753
103
568
964
774
490
630
623
744
214
217
365
394
322
280
64
742
427
91
129
28
591
203
511
410
708
209
87
519
660
951
669
147
690
120
910
828
883
210
112
788
367
955
121
363
879
713
35
444
171
856
281
780
596
818
398
130
360
949
615
215
874
580
854
45
858
573
26
37
749
477
683
497
1
346
543
183
847
460
417
567
848
1000
894
804
975
464
149
528
154
63
276
325
924
738
601
454
843
49
485
860
48
491
801
437
688
886
720
59
422
785
973
3
74
997
488
257
279
647
389
127
350
651
432
758
862
285
502
237
195
351
321
918
822
135
963
51
155
357
566
588
146
2
837
412
271
704
730
974
656
978
613
739
606
979
125
532
465
362
815
928
600
161
194
58
602
664
79
678
750
392
935
899
226
219
158
723
342
893
99
761
369
308
983
256
352
937
845
303
576
289
631
526
309
208
379
189
547
648
559
413
740
684
447
108
919
674
611
299
254
186
439
82
813
517
541
483
882
469
282
60
446
435
230
233
501
77
457
316
418
390
661
258
592
39
452
693
12
514
174
884
786
244
887
617
691
728
27
515
534
645
586
836
852
192
808
812
859
304
395
144
936
375
572
489
78
773
8
267
25
6
268
658
442
40
962
791
816
754
599
68
914
538
293
33
235
609
20
44
677
807
90
428
295
555
339
810
347
151
136
266
981
247
554
283
513
902
783
839
273
73
117
941
575
610
731
797
901
953
676
944
584
423
913
260
178
160
426
549
430
722
449
687
986
56
218
270
523
618
72
407
170
354
589
911
429
459
638
43
234
81
337
594
29
904
355
31
970
875
649
995
885
110
931
36
148
204
475
507
880
775
122
424
909
923
95
912
431
535
569
162
873
330
378
169
65
571
83
832
286
622
500
246
371
667
180
202
76
824
521
734
614
391
560
548
681
329
896
134
679
89
358
906
245
16
976
462
86
509
397
476
776
844
487
153
456
96
866
564
307
779
706
703
508
269
772
996
38
313
420
741
53
445
840
366
642
294
960
415
619
370
694
869
248
263
318
945
933
228
157
238
806
732
889
597
582
113
185
853
251
69
163
133
577
696
503
173
164
231
672
799
999
406
165
200
861
114
259
167
961
659
762
747
834
724
898
104
336
47
196
628
55
201
495
719
179
138
450
766
414
952
764
587
338
340
97
698
479
697
800
805
222
579
943
969
876
825
581
578
988
126
540
261
7
727
364
52
396
769
563
718
5
908
474
627
305
987
41
794
829
111
940
106
956
225
42
781
663
641
985
66
531
977
61
796
625
372
94
159
809
685
522
306
177
942
729
583
900
682
131
927
434
524
536
616
950
385
715
689
139
278
510
381
705
654
105
441
315
826
982
80
272
604
393
484
15
107
124
760
778
871
984
707
300
971
310
552
632
892
657
232
416
624
714
605
998
831
387
539
466
712
920
922
903
368
551
671
494
670
384
905
868
409
916
425
989
359
345
867
823
850
702
284
262
453
814
213
182
188
802
405
332
746
46
841
312
181
745
404
755
556
629
520
768
102
662
13
726
468
699
433
34
701
790
787
633
19
504
782
137
644
934
331
403