5621
1311
2346
8448
4518
542
2887
1195
706
3489
6900
490
2978
2409
2488
6935
2363
3032
3445
8142
8074
1065
2866
8296
3749
2201
9421
633
2417
9892
7135
9979
7855
1522
1498
3495
57
2695
1702
4388
5613
9166
73
3308
9654
7303
3847
5642
5106
1092
6174
5600
9093
3048
2684
4257
6786
5636
6285
7227
5895
6477
4994
2873
3409
6045
4104
970
8647
5968
5260
9887
1151
4716
8841
1634
3498
7948
7208
4785
3494
3568
8614
1090
2578
4340
1917
309
6280
850
6332
6303
5372
1203
8230
8123
9236
1453
6359
3726
6192
2334
5111
3504
5876
4684
2031
8413
400
2524
7877
2219
5460
8065
2904
1460
9880
889
4554
2070
6130
2276
3986
202
8069
7993
4511
3257
6415
7533
7239
1585
2058
7341
7762
3164
1852
8486
8860
951
4916
5407
2871
1206
5817
1160
619
9274
8584
136
8147
4057
5214
1490
5183
2299
6501
1187
7103
1940
931
5091
8003
9856
2677
8731
8008
1442
5669
9742
3002
9716
1521
8603
3423
6636
4283
4112
3909
6183
7966
4960
8823
1144
1079
2145
2313
5005
109
8839
9237
2941
660
2699
6837
540
5086
3923
7250
3426
8986
4327
9946
731
1086
8111
3381
8854
713
8019
1965
2854
9157
687
2948
1387
5556
2004
8953
7096
2025
9411
5473
1770
1760
5073
5039
2398
8903
5960
1961
6826
8764
1836
8135
3465
7842
3173
1805
445
70
8976
3400
860
3403
7998
9695
6014
4918
6820
8049
8157
774
4501
3507
1277
1115
3887
9794
4926
4440
3715
3474
4819
6763
6178
8686
1707
8328
7831
3108
8381
5138
8672
6557
6920
6825
8432
3467
6969
7833
605
4618
1625
2544
2364
6953
9009
9956
378
2438
2164
1798
5324
1839
7600
5495
7870
2884
4332
3484
8668
2115
832
5635
4480
8955
8967
5529
6241
6469
5141
5428
2496
7397
467
912
1259
6326
3796
586
9139
4197
83
3463
7892
2775
8710
5173
4687
1744
9141
719
369
2220
4206
592
9163
1483
2161
9439
5530
4353
4444
7401
3008
9718
8391
5877
1725
6775
6432
5454
4245
6891
3722
438
3898
700
8400
702
4910
3865
9538
4497
4224
2974
2088
5904
5400
5819
4659
1249
5416
8570
8690
2692
3341
4647
5449
6448
7323
5793
4866
8629
4898
5928
8139
8174
8461
7850
898
1723
2138
9637
2045
4121
1330
9994
6010
4995
54
390
7404
5609
2489
2748
7349
4865
9509
9231
9156
2113
7605
3447
8857
8163
6060
3123
8869
7143
629
8766
9831
3262
9484
3859
2204
4455
7195
4905
9128
2788
8474
2191
3420
8502
2592
5485
4483
5437
2068
5543
6089
5638
7954
3435
1934
7400
875
2759
1292
8070
2501
2393
391
2846
1509
3567
6047
7073
9506
5500
2430
6617
8692
6751
9557
4864
7757
6118
7326
3667
9566
1541
2885
9181
3602
3790
6383
7808
7760
6038
8438
3660
2665
6411
2658
7021
544
4804
6824
849
6643
8535
8146
3672
6497
7212
167
3356
2938
7631
5570
5343
9082
401
5744
4210
5987
7784
558
2615
1422
5667
3853
6738
1290
2323
9276
407
8788
1469
6858
5496
998
3110
3911
6536
715
3557
1556
4488
3218
1700
9764
568
827
1907
300
4515
2512
7662
7864
9876
9731
668
1109
4707
1473
2613
9815
7045
3597
7774
5215
9642
654
5704
7104
6868
6534
6283
5103
7868
8029
8683
2158
7756
8685
6530
9094
5316
3697
9641
9263
9056
2331
7118
5213
6576
6094
8721
2774
4376
2230
4119
6382
4974
3514
41
7
2075
902
6152
5274
8346
7150
5884
2894
8808
4253
9324
1427
7384
254
7277
9533
734
392
7528
3950
3863
3019
2490
3827
9277
6123
9436
4630
7929
2481
8695
5
3470
5985
6918
935
3095
584
5709
5836
9753
4741
666
5020
4675
1662
7091
7366
3332
5344
1336
9604
8938
7683
723
6362
405
9703
948
1067
4251
7485
5411
2943
9289
5319
2604
3211
1989
3933
5514
5892
7663
6085
6932
580
9080
535
1466
2636
6330
9629
7386
6138
630
1699
4074
7661
2176
4951
5007
3913
6747
7680
8792
1986
6983
7336
2756
4534
6328
4665
5122
7219
6792
1949
959
9113
8542
5696
3675
1578
7426
1573
3219
478
4876
8541
4300
6371
7498
9333
9633
5408
3195
6758
7022
5030
3151
2291
5098
6707
8947
7873
8957
2055
6456
8021
6231
8711
4633
4401
9090
5683
5837
5627
8140
1131
9505
3708
4568
8473
9269
7651
4027
9691
5561
9343
193
8191
3422
3610
5351
9273
2228
9297
1234
9514
3391
7857
3321
6583
644
7407
7358
7803
2227
2811
120
5414
9029
3984
6267
143
4920
3994
4399
3390
3907
622
6904
9733
7657
9895
1211
8487
4698
5219
1893
4604
3833
3948
3236
4901
8467
9729
7263
9635
7712
9293
3536
1047
9079
7039
5509
3077
4433
7332
155
9751
7075
2057
5371
263
9221
9446
4142
9004
5102
2671
6571
7687
8335
7521
8810
2525
1631
763
2082
2856
4579
5698
4474
4996
6364
3982
2752
3657
9252
2785
6551
8090
8846
123
1688
646
40
3319
3307
326
8457
7391
8268
7016
6843
905
3099
9370
2311
6400
2819
2542
6086
5899
1697
2012
9660
3590
8773
1530
5275
3906
7879
4593
2649
8352
7626
5145
9682
9525
1622
9584
3989
9058
8926
4776
7383
7015
8170
1455
3167
4424
424
3746
1344
1616
5897
9534
2659
9732
39
3230
2391
691
2432
3250
7379
6755
9398
7267
5953
975
176
2166
5608
4528
2742
6068
2061
5800
6661
1664
6224
6141
8318
3709
6779
9565
3007
6913
5026
9676
1525
2357
317
7899
8203
4851
7527
1463
8575
8312
8266
4477
1413
7463
5749
3650
9973
9480
3012
2810
9674
7741
9074
4400
7240
2531
7862
8443
2864
4967
1152
5192
4689
7816
1030
7459
8354
6233
5693
1985
8749
4144
9507
8617
5863
7100
9513
9482
2360
4135
3438
761
6725
3974
9843
9202
9579
9671
4233
1532
1197
5304
5701
4320
9215
7545
2556
8549
6223
4419
5542
6633
2274
6101
7052
834
364
1910
8404
8814
5871
6327
2139
6392
7919
8994
4988
5655
9842
1927
1570
6278
4935
8865
6841
68
6441
582
3860
8532
6980
4006
3674
6922
1970
8641
2816
151
1364
5726
7989
3666
1097
9996
6030
1692
2925
5427
5072
8036
2157
2843
2414
2111
5422
6275
8659
9097
9134
8194
9901
446
383
5024
229
3375
4040
9640
9015
7616
5467
9491
6211
7120
3122
6024
1987
5759
8332
418
7327
8306
6593
2234
1895
7987
882
5097
5259
1128
4062
9816
4273
4585
4599
8782
8484
5972
1228
3765
6772
2902
1996
7828
2912
7061
9838
9384
3549
1382
3582
7056
8128
3586
2720
4948
2773
4843
2317
4052
5534
6214
3805
4709
3310
135
9371
4091
3784
5785
1010
9235
7514
5687
6606
9073
5011
6406
9303
6058
395
4162
7306
4750
7312
8987
3908
9968
2808
3936
1285
9835
7891
452
8904
4711
1786
6284
8951
3275
9192
6421
236
37
7820
3216
6301
4619
3623
992
150
9619
1759
670
9914
8188
9762
735
2271
5019
9374
8344
2062
422
5949
6543
6256
377
7727
2280
9460
7791
8774
2441
2642
2
8298
5507
816
3315
3072
1828
1410
8017
7232
3626
807
3734
2528
6329
2051
7793
8900
6607
1904
92
301
3361
6870
1624
3519
8964
8677
7786
7473
7179
847
1028
3000
6351
8831
1665
6973
8267
6954
3533
1037
1914
2772
9117
9995
5187
224
1628
7387
6993
2295
2425
6196
2538
2906
3479
4391
9497
4065
1036
8099
4217
8746
304
736
6069
9242
5132
3901
4346
6056
1601
1210
3929
4806
9172
6931
4249
9735
7191
4857
6919
1430
6584
2663
6836
3377
7717
576
1122
9402
7574
3714
2789
6466
3664
7640
1667
9812
8362
2074
4656
4577
13
8983
9921
770
4423
533
7102
2841
3720
8648
2459
279
9454
7974
784
4550
9246
3055
8498
7866
4002
7930
4467
4990
5579
4681
1497
4642
3158
1135
5932
794
7188
2953
4781
8067
3132
3137
2509
3939
9931
2116
743
7669
603
9362
5986
5426
7575
2964
932
9399
3902
338
4623
4086
7768
6599
7350
432
777
2418
7688
922
6929
9532
9795
3059
1385
8393
5938
1854
1607
2342
9850
6618
9364
2698
8520
4788
5637
8375
337
7090
4559
9265
3972
5560
9699
1581
5202
8047
6028
4352
9045
2951
1098
4620
4082
5250
3288
4063
3286
897
8663
6204
5506
5523
9758
5036
1230
4835
9433
1635
4461
6479
3745
2972
4942
8848
6302
9681
2132
3080
4676
8323
9283
5167
3104
1356
6079
6619
7477
7109
6164
8287
6499
1390
5038
7328
7176
6163
5820
1766
4858
6668
3711
4189
7087
1956
1763
966
7046
6699
2514
4883
824
2758
5279
5918
6509
8363
2612
4317
1448
3872
2034
5358
4500
7238
6828
3625
8573
7637
6679
471
6160
8050
3233
2936
3731
4699
9107
6531
5301
5969
1767
3621
6290
1860
7436
3223
2218
8552
9599
9801
4125
7339
8388
7540
1711
9369
2802
1974
5419
4123
3931
6869
3905
8752
5205
1267
35
7614
3157
7566
750
6450
2433
1289
8945
2669
1930
2077
854
9458
8944
3309
4523
2254
8155
8527
8117
5228
530
7013
7276
5663
3628
1932
10
4758
2897
8423
4555
6040
1619
409
9198
6876
7111
71
2233
9776
5553
5179
6685
5510
7405
2859
8259
2106
5055
3920
9737
1981
6213
7371
9046
1039
6155
8934
6791
4055
5572
4714
1636
3730
3912
7470
5189
3456
3638
8
5659
6852
2831
1016
6532
5453
3433
5142
9905
3894
7346
3443
7286
5047
5151
1612
2959
1938
1975
9945
978
8795
4276
6799
7630
9881
7898
3299
6689
6572
8401
3441
7701
843
8619
310
2776
8058
3776
7223
370
2491
1557
8068
2027
4394
3930
2730
3545
7181
8396
541
7705
3891
5009
2086
3663
2564
6197
6205
9006
5844
4359
9662
1876
5252
2768
2397
697
5342
4558
3928
6172
732
608
5856
883
4212
3444
9115
8733
2257
2226
8890
8798
7152
9177
6132
2262
1790
3487
3031
2361
6739
1408
2710
1574
6991
4572
5384
2078
7009
9000
7944
5658
7641
4875
4596
3953
2104
1950
7537
4563
7546
3107
8041
6006
5171
722
8631
6493
2927
3521
307
8202
1706
5307
5385
1095
1402
161
2827
891
6074
8333
6687
1176
1096
1781
9032
4952
5682
2326
4215
6734
2910
7920
2336
6835
5465
9353
4172
3492
9155
3337
5022
31
4730
2318
7579
8622
6067
1990
5970
8261
3681
9285
5225
6625
9527
4520
7568
7644
9355
4685
9578
5325
9443
5976
7951
1242
9975
6052
6753
1704
1061
3041
3885
4954
1891
1983
7902
7431
4891
2370
2379
6586
1853
7834
1064
694
4625
5023
7353
4284
9207
294
9222
1726
4498
5025
4760
3335
2914
6384
6704
5240
8553
3493
7099
7060
3768
7718
3153
5988
2155
9926
2540
3239
4763
9030
5780
7520
2365
8609
4296
6036
7457
5288
2715
5068
3242
1107
2258
3038
4163
475
6498
7847
6561
4494
382
1217
7779
5196
6142
571
7624
5392
4510
6289
8042
7427
5769
936
4456
7740
9708
7178
9118
7678
929
1523
9917
9195
8122
2250
688
7151
3962
3155
2534
1730
8292
7063
5003
5375
4159
3797
737
1819
3301
5829
1794
5033
7822
5016
7935
6630
1111
2450
9554
1980
4113
2239
5069
64
4169
6312
2127
8305
7782
7204
7003
741
2293
7836
1752
6797
6464
8361
2332
6749
4059
9308
4648
4191
7164
3258
5121
2577
1125
4508
579
7348
6970
9257
7990
9342
8048
3413
5801
9431
8265
9552
6529
6979
5194
5297
153
7058
9360
7611
3003
354
3862
4109
5447
6768
1308
9825
9016
4156
4720
8130
1800
8200
5282
1348
6208
9425
1857
9678
3947
9860
4616
2575
6131
6592
5573
8104
783
6605
6322
5756
1596
5680
566
2942
4092
8533
9457
5455
7070
159
3011
8643
852
8615
3364
2252
8775
5053
7505
6494
701
3690
771
2987
3147
8548
14
8761
1467
2442
5220
6554
7744
7562
5313
9429
9054
6632
4021
8608
3165
9736
2067
1051
9072
2245
5276
2238
5484
7889
7014
9932
857
1656
648
1887
9976
6314
6515
2378
4120
7041
2602
9984
4852
6650
7088
9516
2108
876
3127
2447
7980
335
1551
6911
2999
581
7273
2907
7780
4013
9774
4417
9168
2918
456
8269
6976
9936
5697
7719
872
5966
8244
2576
1837
8458
1818
8837
6872
894
3035
7316
8779
1951
6363
8539
3453
2845
8843
4690
1416
9390
5014
1349
3834
9475
7653
124
7713
3627
1809
988
3293
3611
8242
5598
142
1892
5186
1339
1009
7525
9191
9462
5478
545
2666
5207
8697
8297
5974
7097
3719
2351
8209
5563
871
9392
5650
3917
698
9084
6672
9920
2322
2895
7325
3526
2704
3027
9586
9971
649
9722
548
2521
6731
5945
9318
8281
9394
5788
6887
2196
536
6064
9721
7939
8807
796
3689
408
8105
2839
1440
1587
9383
5335
4430
5900
2641
8590
4955
8656
5889
7837
9873
6453
5957
6525
1179
8644
3556
376
7423
3729
9148
6811
2724
3408
2451
5513
4795
2105
5994
6451
1381
9904
9687
146
7209
7911
4705
5822
6880
3753
6856
9910
24
4337
818
9863
7888
3434
8214
6574
1920
2302
3436
51
5519
1978
2187
1508
2838
7293
4727
3839
8115
5139
8015
2475
7149
2769
1034
2149
904
570
7221
6066
7265
3822
968
9211
1868
5805
4808
2241
9542
3192
5456
6238
5298
4252
9111
3516
3317
6454
398
6742
2553
7357
2719
173
156
132
7977
1782
9226
1201
7230
6340
7388
3676
938
3647
6882
9868
6428
9403
5329
5910
8208
3903
5679
5923
2970
1332
2394
7018
8510
5099
6684
7374
138
1295
9347
2626
8871
9683
3070
4295
9334
9382
7652
1297
2792
4314
7261
393
4005
2477
993
1004
4019
6729
9851
8968
4077
5943
9933
5051
4130
526
1681
839
825
7619
3767
5257
9526
3882
3812
4396
8251
133
1449
6665
2675
5162
5520
6296
3811
1282
7214
8024
1052
550
3856
6938
6627
2094
6260
2059
1906
6490
7595
4794
2368
8929
8571
1164
5299
3614
7563
2495
3773
3240
7190
3961
1492
1444
8734
7479
8480
2449
9611
1999
5774
5752
3583
3899
4339
7711
7144
8703
2120
9062
5868
7809
1690
826
3635
9068
9487
3166
4660
8556
6176
9039
7315
6250
6187
9953
6664
6855
8911
6394
6916
1341
1429
1859
6997
6522
4746
8845
9251
2162
6007
5578
7368
9213
1675
8463
2305
5076
2198
838
5231
43
739
2325
90
5475
7124
3005
1564
1375
9605
4598
3981
7362
8107
5724
3934
2268
1447
9204
4132
2777
7738
9063
4138
7308
6412
1007
6272
1847
8190
3634
3850
5002
8578
7112
2335
459
3963
3737
9861
4358
6107
3949
119
1280
5791
4527
2434
2875
2347
5639
9845
4338
2697
1626
4218
4008
942
717
2465
308
8965
7709
1393
2140
8454
6102
3609
7113
3970
8811
1696
414
8778
6042
7922
8355
2890
6879
7225
653
8134
1078
7004
5546
1386
7231
9109
8930
9523
2373
4076
7281
7237
2832
27
7343
5265
8102
8909
7271
5532
6611
8627
7931
9788
1966
231
5423
8653
7522
1432
5736
1808
8043
1031
2630
996
6084
9365
7309
8285
2803
2406
6319
7486
1969
2727
940
560
7251
8091
8367
174
257
3431
1643
3646
7165
9649
4772
3588
7244
7145
4844
6776
595
742
9088
1286
8725
6143
4278
4581
9287
1558
4692
2823
2549
1703
6695
374
6579
7084
2287
9859
9669
4275
3090
1274
7882
1785
3573
260
2102
6387
2678
5227
1967
2199
145
6354
1026
7131
2200
1384
9592
5948
9546
6134
4328
4326
1360
8942
5077
3208
1976
488
5533
4324
7801
9026
4150
216
5261
2662
2760
3606
5363
44
6999
3593
1027
5762
2881
2829
1569
7649
6350
3350
7439
3354
802
7553
7658
7193
8226
9562
6449
7500
5180
2977
5866
2035
4671
5705
503
2247
2655
4058
6397
4222
7275
1376
4047
3193
4968
6866
8673
9883
3565
4556
5699
2558
7321
9350
6871
7664
945
5015
8628
8534
3915
4712
4551
5226
8329
8993
1420
6337
1815
5143
9174
320
1603
7584
4458
9339
280
5402
8513
9746
5775
5378
4181
6053
3683
7859
1175
8001
8490
7451
4827
2563
4386
7038
6195
7026
4917
6180
4635
8412
8806
1353
2137
2190
7609
8521
3190
5841
7598
1963
4071
9725
1229
9778
3919
5568
3227
6379
303
766
2519
5479
1184
6936
3561
6198
3057
2018
7561
8610
6127
89
4377
5784
6890
2431
4442
1114
2920
1165
6867
5811
7375
3873
4073
2867
339
6429
5397
2764
5249
379
5628
5848
971
4185
4778
1563
7248
6099
8834
6031
2901
6191
639
7665
5577
3284
2597
2932
9685
3259
8646
9589
7781
923
5078
1898
7994
215
4491
7163
1769
1851
1496
5413
7502
8485
1939
3692
9051
6492
2292
5717
7813
6096
5915
6
764
1248
4718
869
3528
8386
6965
7927
8270
2546
7627
8149
8358
8427
1575
2574
1167
4532
3695
7992
6865
3946
9329
5941
3082
2275
562
5360
4454
9519
82
9170
5571
5909
4216
8606
1399
3171
2282
6417
6478
4392
7285
4469
3305
8580
8349
9652
6910
2596
6054
809
7246
365
3081
4738
5113
5763
5184
2703
6011
7446
4886
7444
489
7634
9852
9083
8765
9570
137
1632
1002
1751
7852
4489
963
2499
8735
7324
8431
5000
1245
5345
3538
2435
4693
6226
4682
1439
2470
6831
293
7206
2793
6124
7235
7928
4613
5651
5448
6401
271
95
158
7607
7789
2203
3685
7050
1256
4722
9571
118
5318
4573
9447
3089
492
7369
3010
5470
8868
3056
80
4539
5715
3062
9515
5723
3210
8291
3312
3748
952
5674
6778
8544
8395
7965
2260
5364
7856
9989
9154
8680
4937
1324
7946
3566
291
710
6647
8817
6555
9428
7414
7565
3613
8822
5308
7254
6409
2679
9625
4195
7295
6232
1458
3334
9804
6926
9903
7067
636
9970
9957
3871
1001
9878
4364
7849
9408
2371
8004
1553
1258
9345
1281
6262
9748
6169
4229
9824
8150
9847
2329
2382
3513
9556
3673
134
5390
5412
9036
3959
5435
5373
8253
6956
6300
4485
711
7373
3886
7503
8106
5594
690
8255
6228
1100
1623
4749
7656
8430
2339
497
470
2606
5931
9548
5382
7622
5799
6348
8519
5059
2240
8360
2644
3231
5934
3804
9710
6743
2267
4980
3957
596
524
5084
5946
8636
8874
3437
4490
3188
3351
4544
9044
1178
372
7053
9284
2065
9549
2461
2298
9427
4354
4672
6653
7613
3845
4176
8449
2982
5393
4762
4406
3318
3505
5357
4443
1562
9947
6962
7365
3883
9531
1754
9998
4588
7449
9884
7146
2092
1953
7573
7390
3996
2033
235
6708
5551
2320
2210
7988
2701
199
113
5289
8447
7734
2805
591
6188
8833
6677
496
4415
5947
6714
5200
9743
5133
7491
352
7581
5545
6265
8688
4892
6995
1729
8505
9055
2172
6810
1163
5858
8182
8348
5403
5624
9279
8706
268
4016
4502
3794
1520
9282
6951
8962
953
4379
9208
8789
2806
5739
6577
468
9448
4089
5992
4237
3642
7440
7157
6293
5387
4664
2651
7274
3161
9053
4854
6338
1896
9888
4998
6122
6873
3304
6177
8921
507
7460
9189
9060
9085
3910
3215
4870
5515
9022
5832
4175
1227
5347
2965
2249
604
380
9547
8145
5646
1188
5258
6342
7815
4945
4171
8397
8563
3455
3541
767
8943
4154
4031
5964
6368
9617
2836
893
757
6273
7187
5865
9437
3268
2474
6558
277
8785
5355
6336
486
9879
6716
3868
2670
9772
6251
6764
8410
3277
7074
2290
3622
6822
4638
5755
4701
3030
6098
8072
1773
7871
3394
9789
5761
1740
5903
6923
6158
6790
8086
417
8694
1810
6663
3619
7360
6847
8468
4221
7844
8394
3821
7200
2711
7531
2129
2096
2337
7175
2454
2307
2607
1941
2734
240
5917
6590
4726
2842
2265
126
746
4997
7749
3106
6550
8225
2286
5760
9220
6220
1130
3713
4313
4445
4735
4310
5857
6111
8465
4985
7247
7567
196
5075
5779
7985
7761
2154
4287
8470
1995
7950
748
2744
26
9675
3112
1513
3799
162
6710
5458
8100
4457
4874
5516
4884
798
9243
6227
9987
6808
125
214
8661
2032
950
2340
2986
7876
2650
9473
3876
442
141
1124
8206
6881
1489
6234
3601
2452
4081
858
4529
7750
9575
8787
7242
2069
5860
9281
7788
9048
466
8755
4231
402
4199
6472
8639
2847
9581
4184
6690
7483
6726
4679
6556
6244
5835
3503
1015
500
7228
4367
6691
5190
9829
7278
2261
2270
9857
5898
671
6443
4407
9587
6659
4744
3880
1728
3659
1507
6331
3942
2168
3294
4747
8112
7769
7054
791
1979
4614
363
3139
5996
9031
1085
9596
9663
2647
3446
6357
707
2460
2516
5212
1850
1823
334
396
8241
7830
3724
820
8948
1424
5280
8000
2787
4270
6545
1407
8477
3973
1272
8613
4301
7694
8531
8159
6730
8422
1817
5569
7027
2300
6175
3983
6399
8452
4605
3941
1919
3502
5321
194
2940
881
9658
2377
6884
627
9817
3251
1192
7811
6153
9463
6896
3297
7117
1925
5668
5984
1755
2728
5798
2266
1219
3043
3182
5684
5592
2485
1840
1343
5846
6562
50
5580
2646
7183
6830
399
3322
4349
6321
6901
7700
9595
4877
2310
4641
1500
9455
2369
3367
5443
5175
9387
6360
7410
8662
1401
299
3985
8713
8517
1239
4437
9349
7755
7307
8319
5816
3340
6917
652
2824
5181
3817
5444
6505
1733
122
6154
5593
6506
232
5346
7207
620
3497
1542
4333
2862
8127
6268
8231
9510
7428
3542
5951
8732
4850
5544
3577
9477
4025
4976
793
5813
5528
2098
1011
6949
1959
4348
1172
8377
9661
4909
2702
9757
2911
2835
8676
2208
8884
1294
2066
7025
203
2103
4323
8722
1173
5508
7580
5439
8064
7804
1796
9050
5054
5649
8483
8489
3186
801
9250
2550
5689
6390
23
6016
1593
9958
5879
4053
7620
8741
1340
7048
3044
8849
6591
2146
8540
7976
8712
9292
86
3945
8084
2993
3916
9909
5320
1361
9037
6313
4589
7690
1127
4626
8932
9478
5940
788
7298
8326
554
6795
8998
5853
7959
758
5441
1265
6816
1250
6759
866
9120
8007
1883
6720
1193
7434
7049
4723
5939
9066
9286
6859
9465
5557
8907
274
9275
2969
2608
2850
6518
8378
3076
8743
7840
9086
517
4841
7938
6724
4879
7753
1835
5462
9602
1716
5607
9444
423
3204
2801
2616
7979
4450
6519
8037
7044
1087
9193
2022
5503
4230
5089
5782
1937
4248
2783
7441
8709
5182
4134
7982
8914
3532
9638
5150
4650
939
9828
2494
6059
1923
3025
6609
1045
5105
9123
1506
2256
4403
6063
8768
7141
4608
3940
6863
6673
1731
3314
1215
9102
2934
5677
6475
5388
9701
2017
6165
3129
9435
564
1441
2923
1881
4060
322
9186
1223
5035
3604
6510
5481
1236
4466
8594
2182
1962
5768
5256
2657
5989
9104
5471
228
7739
7771
3051
1345
3904
2193
3988
2263
9781
430
4931
7629
2123
6539
8936
2766
6462
8818
270
9359
2980
5166
7783
2007
2794
9580
8924
8464
607
1155
3815
3968
4365
3559
2186
4269
4840
9124
8071
2573
6567
340
5926
5929
1610
2652
1194
9806
1041
5535
6222
4234
3680
600
1977
3857
696
5247
4587
319
5417
6629
4658
9705
8141
6670
886
3374
7453
1841
4064
8737
2908
8595
623
2749
6277
5632
4706
397
7972
3393
9325
8715
6538
2445
4774
3958
4549
9165
7542
3975
4752
8165
9418
6809
1190
5124
6950
8235
9332
96
9827
8343
5281
1546
6483
2717
805
7288
3884
1758
2536
1082
403
2343
1491
9307
2144
8838
1899
2565
357
4095
3551
9709
5001
3969
9267
1856
230
3401
9140
4179
4299
2583
6812
2160
631
6675
7952
2118
3073
5631
6984
1846
1310
9011
7733
1594
9808
6785
7971
7153
578
9380
3163
5887
7469
8482
9928
6631
8729
7796
6783
2212
2046
6140
8587
8039
5221
28
8530
4103
8148
3382
7499
3428
5517
3266
1006
9144
6414
5662
7364
6774
9351
3196
8515
3256
6777
4759
2680
662
9047
9980
3725
7262
4972
3888
1207
9322
9366
9614
9406
7121
7082
3249
2903
3501
4807
208
994
3092
2633
2945
7576
9423
1482
4350
3098
5446
8254
8582
7529
5013
4793
1200
7169
2587
2893
4561
6070
5198
9499
3311
3411
4748
3881
5130
7672
727
6541
6087
8315
2225
8383
9312
6840
386
1527
9959
9561
8345
9697
4069
5527
7544
1924
6941
2211
2755
6274
8439
1863
3021
8797
9017
2889
1205
46
5021
5300
819
3594
7083
7216
1670
4834
943
233
8179
3952
2170
3084
4482
5730
5727
3677
3926
6706
5085
7958
9116
4106
2533
6595
4238
3450
9594
539
6892
9747
2063
1074
1505
5149
3693
7863
7430
4978
522
4449
5688
6294
4636
3292
1866
6097
5691
9999
1417
7032
5330
6269
9615
3461
9568
9740
7696
3399
9225
977
5713
7422
76
7507
3111
4136
7292
6680
9713
5029
2687
1196
1446
8698
6023
8009
8696
8558
765
6819
8961
6270
4465
962
140
3555
8495
4243
6639
8078
995
7361
4825
2778
1288
7636
3760
5164
3990
2236
906
8014
6403
3385
3352
9153
8872
6117
388
4315
7106
3237
4402
2821
9396
3331
5172
661
1457
8390
1724
7492
3879
693
2456
3603
4946
4890
7805
8459
3793
3652
6261
5643
1973
6692
9103
2648
8701
680
2668
921
8586
4088
1630
3330
1945
2453
1105
9266
6544
7229
2876
5430
4149
3001
1075
6874
9668
7269
1739
2770
32
1666
4200
9803
8059
5146
8341
5031
8243
9991
3279
2367
7937
2173
5352
305
5634
8062
7241
7482
5290
5287
946
4495
7539
9391
9395
3575
3870
3373
1485
3842
7860
7724
6378
4801
4385
9239
7487
3360
8210
7792
7137
4903
7725
1586
7494
5547
1276
110
4432
7478
9007
6358
2506
8023
1316
1780
6029
4610
2515
3366
3897
3517
3991
7389
205
1580
4404
6875
983
4101
8415
8809
3766
7233
7914
5348
4178
4947
7895
7881
6091
3138
4255
6254
6977
5178
7684
1241
3922
878
6587
3574
3049
3116
9590
949
7806
2994
4828
973
7452
9639
9582
1774
4032
7548
2571
6971
5733
924
3977
3300
3046
6292
7081
6770
9389
4286
1350
1693
2555
3
5432
8252
9412
1159
1746
6542
5314
2731
5539
6420
601
5954
7490
5505
117
2020
8479
7406
8828
1788
3851
5809
9935
8313
9870
2462
1003
5806
672
4204
3687
5881
3097
9717
9965
3896
4569
1647
5302
5262
508
6806
6788
6150
5061
8385
8075
4958
367
7918
8131
8950
9908
8702
567
9234
6757
8949
9967
685
6634
5781
5735
7848
5431
4766
2180
3579
6832
6433
505
192
901
8044
5802
8974
9209
5821
1994
9990
4617
9559
6596
1972
9911
3482
2390
8655
3980
1673
1126
6589
237
2682
6955
8258
990
5112
7311
8664
2375
5499
5060
9352
2541
5902
331
5824
4258
9326
3347
659
2681
9934
1955
7702
7093
3739
9785
9916
6423
5480
1302
5286
4949
302
8011
2559
8581
6439
9110
3774
2716
8451
2427
3671
8545
4956
4912
4298
2552
2935
7960
7005
4434
5893
8444
1233
1504
6104
1834
2870
9949
4849
6026
7872
1905
3965
5664
3701
3775
8506
321
9728
9319
7564
6815
686
19
9822
3825
2961
1476
9040
2024
7534
6427
5657
6344
9950
7729
2458
6748
8167
368
7156
7845
1832
316
1409
2726
1577
1368
679
969
179
200
1913
5236
5685
4418
3612
9719
972
275
7697
5201
543
5137
611
6718
1405
799
2628
8952
7301
2244
4668
1997
1787
1789
7748
3471
9476
5128
1400
5610
3630
3117
9796
7516
9313
8791
8637
7033
1141
7839
9782
9216
457
8088
8634
7991
9179
1548
8727
5497
8162
7226
7006
1897
4830
434
5883
504
792
3563
4603
4887
7730
9769
5119
7474
828
8154
6033
3369
1058
9689
9626
9151
7484
1204
209
3598
1560
454
3605
5474
5420
2505
4373
4542
3786
473
425
6735
5790
480
5125
5129
494
8699
2014
4306
9750
3633
1821
9338
2809
7086
3783
49
8118
982
3101
9726
1337
266
9143
1263
2448
1255
6388
22
1479
6229
8908
8913
7650
5591
6345
1968
3036
2175
7599
4784
1305
6253
6793
345
5263
9528
2708
1947
8092
4356
5748
241
5283
5438
1735
7645
4548
4226
821
4654
2324
5619
9875
74
9882
7557
1468
2853
1503
8005
1686
8124
1778
9270
4182
2721
9445
238
2150
6712
7854
6361
8812
3397
2001
58
375
7807
5880
5482
1814
4655
3244
3841
462
9621
9551
6569
4410
1191
2117
5750
3088
5306
910
769
4802
2009
1568
2395
2535
5218
7413
7996
4478
4452
1168
8802
8591
7926
3336
2006
4409
759
3143
9837
3631
2880
7029
9001
7583
5415
5080
5093
2215
4812
6115
4832
5952
7180
5999
3226
1708
2593
5366
1171
3114
1005
2358
6952
641
9651
6093
1112
9612
7107
2714
3039
944
8616
6537
1803
2952
2741
8568
2696
5452
9327
8730
2690
7874
8417
9027
7305
6834
4753
5095
6933
9784
609
2466
7549
8666
3248
8972
9954
8085
5922
8959
4904
6644
2667
6422
7582
3451
8794
2167
4037
7458
9912
4201
3429
7590
3368
3750
9810
7130
2989
2030
6741
3655
1071
7184
8799
5587
8274
4846
9770
2735
9121
3564
8763
2527
9244
1743
704
7901
3548
5028
4970
4584
9161
8158
3843
9927
7510
6171
355
7377
8875
7642
3688
4416
373
9646
8626
1528
8654
1287
1566
3802
4896
4267
6756
4039
9938
1531
3956
1461
484
8525
48
9504
5746
3816
4873
9846
8652
6769
5425
925
9977
9178
4810
2825
2869
8497
7591
779
3728
8173
3427
8717
9560
8446
2747
5241
6623
2928
513
4769
5839
8045
5641
2637
2251
3222
6008
5332
6489
3813
1678
4214
3267
7302
9354
5409
4099
3020
1486
7639
7425
5796
2400
8054
3201
9130
5712
7412
9924
861
3406
3419
2966
1359
1536
2582
1443
8279
3415
1116
563
5232
7592
8559
1908
5582
8418
8847
7802
6658
4023
7393
1679
474
2562
479
387
9493
1878
8151
3866
1685
2156
105
6343
1372
1958
8109
3639
1044
8392
5066
9702
9948
6637
4344
5233
9734
1270
4811
3662
3029
2900
1153
7167
9922
2124
3552
2248
5303
4519
2194
3320
6209
6247
1089
411
2706
2997
4856
1658
8667
2833
7597
7079
5742
6907
515
195
1209
7445
2463
3835
8060
4137
9142
5787
6148
6137
4961
6370
5153
5163
930
2163
4553
2352
4867
976
4797
6754
4266
8020
8528
1657
9727
6133
6844
4513
3861
8670
689
6982
9508
4127
2389
4046
3329
273
8827
7043
189
2736
1377
8366
1177
1048
573
2600
6452
4505
4167
7411
2087
7078
1394
3488
1156
6504
804
2195
7055
4719
3508
1471
8303
8405
6638
9583
4236
2545
8399
5630
2691
62
2091
712
510
3207
3071
8197
2518
6613
9944
8445
3587
556
8508
6582
4966
3203
4470
2011
7133
4152
2979
3342
3278
131
6651
4907
5925
4732
4426
1147
5486
4232
9749
9940
6656
9723
7917
2782
5490
5644
7210
9344
4370
5295
5266
2353
1218
348
7790
8087
4900
6566
5566
846
6061
3535
3490
6697
1120
8193
9844
2688
3506
7128
8153
1519
1571
4329
6727
751
8982
7222
2619
4056
4941
8705
477
8066
2998
5721
6902
842
3823
2480
106
2344
2635
9913
2960
9101
1495
9459
3175
9002
4380
6005
5296
8551
1059
3716
8917
251
3442
3607
6789
8597
865
833
1946
7578
3668
8756
778
512
9783
2264
7101
9593
4629
6426
2026
329
6839
8441
4139
5309
8820
9563
5292
2968
9981
574
5562
4075
67
2080
5767
144
8338
7674
2924
8262
2402
7160
5349
3028
1150
129
8222
7047
4803
5230
6315
9820
6801
9028
1346
3525
3648
5778
6604
6915
3255
197
166
5429
4756
3763
3785
5457
3135
3213
9228
3978
8941
4116
3260
4611
8460
6017
6202
1645
4953
2676
9711
6179
6740
4017
3721
1654
853
9665
8999
5629
1412
6804
7515
2685
9112
6821
3787
4975
7814
5389
282
2380
2366
2868
8753
4018
7647
5611
5442
8239
870
6311
2722
5108
1421
4472
8901
1174
1494
7975
5597
6761
3645
9219
7189
740
9787
546
5396
8006
716
8681
1648
455
6419
2083
4815
9135
4915
3757
1238
3209
8554
6671
6985
594
4397
6120
75
8246
6048
2385
1269
1166
8536
3831
3313
3037
9930
6317
5740
9667
3640
8878
9424
7066
8132
4509
7138
4186
7095
6356
3987
469
2707
4011
9798
1745
3914
6431
4708
1129
7612
9357
2043
7334
9356
2739
9091
1325
4085
4302
5223
4557
8364
2983
2840
1022
1871
4790
6860
1104
4670
7218
6159
3432
2410
811
7538
5494
4014
1598
8516
1710
8273
3113
1715
1462
1544
9005
2954
6600
4282
9603
9378
100
6128
7832
9385
8780
7432
7475
4382
4913
3016
9311
6906
3168
6185
8742
4164
3014
8883
4574
5244
8997
1161
1682
5565
7438
3547
6025
2511
7035
333
7947
9601
6857
9122
6657
9799
7550
1944
4235
2134
2891
4066
4805
7268
6773
1727
4408
4977
3119
5618
3066
2879
9498
3798
60
9474
7735
3418
1232
4260
5359
5977
3550
2095
3738
7961
4305
7747
2645
1118
7300
8649
4902
1373
114
8514
1537
9833
1829
9309
6287
6628
9420
6850
3944
3324
6683
4147
8589
7329
7363
1018
7900
5905
6246
1357
6405
9643
3454
2796
3727
956
918
5797
8861
1873
5700
2878
6286
6686
9271
2306
1043
9885
1480
207
829
4274
7394
8748
8301
5590
5071
9943
4724
261
2085
7617
20
2572
2093
4476
4944
1060
2327
4663
674
2560
1484
6022
1202
4818
9095
1450
1374
2973
1042
6307
1351
9300
8832
7448
4565
4761
3829
1062
4459
9358
9800
3576
5504
9108
6398
5169
3326
5379
4015
2812
7970
8824
780
6157
5459
7403
523
9600
914
267
3707
6201
9937
5418
1395
5101
8189
5851
4122
5840
8211
2623
1342
915
1567
1687
7140
1869
4950
1918
5027
1371
8026
3033
7698
4048
5678
1865
9919
9069
7703
8283
4090
1143
7376
1618
3704
6994
139
5812
327
848
9232
7420
5924
3045
2223
7296
451
9033
7963
3283
1604
7673
7973
85
8669
1838
198
3554
2362
5177
1419
7890
7798
9836
69
4745
3254
4836
7162
7543
3159
7205
9680
8979
6320
9511
9809
888
4725
8796
8543
867
2566
6640
7797
9379
2507
7635
4010
9569
8437
9401
549
695
6377
4957
4033
7907
708
1326
5692
2359
4196
8889
8374
350
744
6090
1911
1139
5522
907
8975
9925
4202
346
6103
8290
6181
7775
2294
5777
895
7380
9555
3629
7001
9340
361
7827
2243
8121
6899
323
6281
9819
177
4704
9755
5833
2784
3302
465
1641
9100
1221
1514
8576
8097
6575
286
2202
8144
4791
1046
2751
8740
855
4923
617
7608
5847
1328
1243
8804
9741
1298
776
3346
9567
7628
8195
1367
585
3194
6765
9067
6020
7686
3460
4129
9607
9229
7906
1304
3540
6943
3717
5356
9393
4263
6878
903
3496
3477
5056
3779
7454
9942
7829
2598
2479
1806
2476
3512
1246
7319
6139
8638
4965
4070
8055
3179
9190
439
3417
1849
868
4486
5933
3830
9173
4562
3932
8624
7517
8186
7773
349
443
1254
1683
5794
2909
9372
3754
4155
3172
8169
6019
9023
4141
9777
217
9606
7170
458
7461
2404
8310
9624
2255
1650
8880
3732
9298
52
426
6474
9131
1889
2152
5285
5971
8342
4448
5134
1212
2673
8566
8657
278
3878
6446
7934
3632
8762
2851
359
8529
2693
8503
2016
960
2349
2939
2396
6781
1771
152
7778
1032
3644
9573
3017
7201
5340
2133
9871
8754
2963
7969
5109
5434
9214
3121
3921
7504
664
5235
3723
1674
4969
5278
8340
9404
5843
1539
1338
4514
1380
9724
8996
2929
2413
9813
2473
4431
8790
5935
4640
2028
4194
9021
2319
6914
4717
2603
7776
614
2967
9158
8891
5671
3699
4845
5852
1213
3589
599
7861
1136
6602
8862
837
3013
593
4369
6945
4691
8988
7224
7450
5273
107
5176
353
2922
8040
7249
5074
7355
8224
1323
8398
7825
8751
8557
7042
2383
6957
6944
9008
1867
288
699
4026
6846
8898
6895
9630
4606
3826
8368
6435
3252
5867
8402
5191
8793
8419
1319
3592
3184
1870
6888
2654
246
5955
8745
2169
9295
6495
9241
2791
226
4151
2177
5583
6946
7932
7638
4639
9500
2921
5469
3733
7633
6259
9310
3205
5743
8152
6081
5870
7681
2121
6167
9489
785
6410
181
1252
4117
4193
5032
3524
4148
5090
3054
4696
4362
6500
5920
7172
1392
5616
5501
4649
8605
5707
955
1054
8611
6027
645
1199
6814
6696
5916
4203
8660
2333
4814
986
7310
8185
5549
4496
9696
3581
2771
1414
4751
2745
4044
4297
3200
625
7766
5849
1069
5878
5492
4280
1629
5615
2484
9197
2321
1750
4453
9210
4111
6817
9692
3189
9138
8876
8278
7785
1701
7999
9585
9376
2779
7794
5975
6318
920
7654
5293
2136
5959
8466
8560
9064
4383
3355
5720
7196
9647
1198
3199
4020
7817
5589
3712
2122
6578
1543
7171
9306
7318
8940
5394
8956
7023
678
8855
3889
2988
9201
4860
1515
6353
5050
5087
8906
8204
7272
7841
6219
9020
9199
1779
5732
1698
2099
6588
4798
5267
2392
618
9442
7337
8665
2849
9889
8757
6438
5908
635
7283
6507
6080
4861
7706
916
4688
7092
2984
2799
3702
1478
8978
9707
460
4030
2401
5401
2192
3269
8093
3298
8113
1391
1266
6947
6264
8304
2504
8471
2618
1264
3995
1609
6981
9951
6652
840
1535
1331
2947
5046
6964
6845
8236
2807
9760
7148
3808
6385
6376
756
1855
2429
210
7765
2786
7291
5789
8022
8679
5440
3698
3511
8925
2178
9666
3449
4133
7330
9061
5339
1102
1633
9407
9092
8180
9278
4686
3133
7716
2242
6065
5612
97
835
1637
3764
6883
3183
6667
7685
2580
4105
4220
5253
518
9467
5541
1799
8082
1158
6295
108
9854
8282
3788
5862
3848
5962
3824
1383
2189
5404
5614
3789
8299
4943
725
8760
9544
3665
509
7294
6266
5855
1056
9367
4412
2899
773
5567
572
8156
7743
6648
7723
9259
8271
5838
2174
4096
5238
7615
2520
4820
3537
3485
4715
3534
4929
1804
9858
908
4878
4157
1113
6885
4312
9591
9301
1303
3421
1146
463
5477
2273
4183
444
1671
3615
6467
5049
4318
3376
9449
25
9184
53
5754
8234
5722
4921
575
4700
2498
2931
1103
738
3770
5596
8277
9461
2297
9524
4547
4166
5042
9517
9963
8403
5224
8229
7731
3067
1214
5873
7010
7356
1825
8583
1757
1695
8935
4770
9490
3094
5891
4001
6146
5894
3562
6851
6457
2916
6897
9288
8325
9328
9096
8434
4677
7085
8238
9065
2950
789
9907
5686
2487
9386
8033
1802
3938
4764
8720
8966
6547
5930
8351
223
5272
1824
5765
1826
7069
2723
4537
4100
3700
295
7949
9453
989
3144
9780
4783
2486
2304
1833
8250
6144
8601
1559
2584
4460
705
3967
1795
7105
8593
6669
9899
3105
4816
7714
147
284
3608
7708
8032
6347
3752
9891
6813
9451
714
7571
4768
8076
3570
5270
8416
413
8373
5808
7396
6737
5711
1713
448
7142
7758
6050
4146
2407
472
8178
5310
6249
6487
3469
6162
753
5491
8744
1793
621
8116
1595
4170
3064
1142
4322
29
3924
999
7211
1842
7997
410
2790
4817
9841
4628
1948
5907
7202
6940
7351
1831
5199
6849
2005
4731
8275
3042
4984
2634
306
4
521
2860
9258
7886
7777
6961
476
7838
9672
6996
1991
9503
9152
2428
8769
896
8057
4512
4438
7243
6861
3617
3761
9730
218
1734
642
2672
3291
2944
9773
9280
7220
8440
9441
9759
3464
8718
9494
412
658
1352
9779
3710
1181
9608
5057
1903
9529
8719
8881
9042
191
1366
7519
4862
6444
6166
4004
5854
8867
8877
8207
6646
1926
4869
4733
926
9865
1722
6728
4425
7572
2888
1137
3245
8192
8472
4262
5082
4242
9106
5734
7399
5251
4545
4721
8738
3280
4526
745
5718
4570
3440
4934
8176
5217
2865
6049
9025
9539
6827
3735
747
6645
2513
5254
5333
6553
4597
8885
3243
3181
7114
8218
1933
297
7588
9521
6974
1224
6694
7956
4378
527
6263
3134
5973
4601
8096
1988
3852
9805
1872
5757
8991
3543
2050
6798
6279
4447
5170
532
1183
588
984
9416
5526
244
9299
3780
2229
6972
4789
2281
9315
2661
7115
8565
81
1547
6491
4038
2440
2915
6886
4868
4615
9150
9902
6967
8682
9673
7416
5537
3389
9196
1475
362
8850
5284
5268
4051
12
1379
7587
9081
589
4336
2420
8336
3130
7213
4933
4782
1554
6803
5702
2272
9530
5606
3273
7858
2415
2689
5118
2814
3800
5993
9321
98
8507
598
6700
6512
2101
8442
6333
8526
9897
6258
1954
8524
6546
8455
187
6194
5193
115
590
1117
9240
6829
7570
733
8171
2738
9686
2820
325
3742
1565
6365
1742
5374
2403
7017
1140
587
1000
9
5004
5209
2529
4863
3522
7589
7925
775
5208
845
8887
239
2125
3837
9797
9634
4264
358
900
634
8771
2107
9464
1512
312
5136
4928
5555
1454
330
9576
3228
9972
2750
8928
4110
9864
9496
583
9320
7040
2076
8819
6437
2042
5336
9690
3075
7215
290
5040
2523
2622
5037
8337
5890
4622
3558
3142
3499
1777
6440
6374
8588
9771
3718
8863
3198
3846
4375
7080
6927
2700
8160
9752
7089
5814
8288
4361
47
8372
3741
8564
6465
9223
6796
3703
1070
5337
4292
3087
4936
8339
2800
3357
6784
9434
2815
2044
2015
6396
9983
8604
4927
9962
6088
5656
884
3927
2184
5911
5861
6762
985
8618
6620
650
4190
7508
9768
431
3180
4239
5376
5362
519
5008
9656
8027
3202
9003
3578
276
2694
1397
5367
285
4050
34
8307
9059
9245
5958
967
8370
371
2478
2423
8215
5155
4536
9650
1014
9183
7742
1428
1459
1605
6402
5398
5041
9256
9317
149
2609
7905
537
2579
8985
3009
9790
9438
1247
2863
1561
6034
5564
3651
4087
5745
4546
8327
7737
3136
332
1396
1398
9479
5633
6559
772
9694
483
7158
7282
4959
5365
1921
9644
9616
3238
5246
5081
4754
5815
3515
2732
7415
786
3327
7159
8500
8481
5245
7560
4899
5381
2610
3756
4767
8295
4028
9456
1922
6802
1738
33
667
287
1772
5188
2008
4653
8864
8469
9655
6568
314
5595
8002
2763
1101
7299
831
6116
5353
2112
8989
4464
8308
7424
99
4463
7071
9627
6603
4389
6230
2586
844
1436
3544
1493
8496
8181
5885
6641
1591
5990
7488
8198
1714
5436
6199
1309
2995
3935
3241
6309
9558
8726
2037
5803
6375
9536
9127
6221
8915
8784
2126
6073
9145
5690
1830
9410
9618
2591
4165
6035
6476
4289
8620
1049
7108
602
6688
4254
1791
7643
4427
2314
787
482
2217
7648
1858
6517
7556
1775
8227
1649
4198
262
3103
4880
683
4325
3518
5640
245
5753
8612
1050
101
7037
498
749
9043
8411
9132
4999
8927
1083
8408
3425
7511
814
768
8061
8687
6903
6043
5472
8083
6660
4351
2279
997
8365
8518
9698
6898
4446
934
1732
8700
1296
7002
8499
298
1099
8561
30
2543
1550
7601
2284
7279
1582
4571
1073
2503
7186
4335
6095
1091
4009
9224
2419
3468
655
1661
6004
1668
2905
6782
4643
9969
2471
4078
6391
2038
1072
5206
961
502
6626
4906
1040
1768
6823
1672
8429
2617
8984
3380
7995
184
1761
8491
1691
7496
4897
2780
3439
9834
272
8293
336
9648
2246
7465
5104
6766
1684
6722
6129
8334
5792
9087
9397
552
4291
9739
7532
2804
4043
8184
1134
1689
4205
6407
5498
5965
5695
7978
9763
5067
4673
2109
4522
6305
4049
256
1415
8172
2621
16
6889
1942
9659
3803
6580
91
7322
577
5168
5159
4989
6552
8873
8119
5370
7745
3473
9761
9136
1640
4813
856
7915
1540
8080
9923
1019
6703
5468
8276
7344
7256
1676
5317
643
2128
3828
461
3758
7466
2013
8256
3529
4484
1013
6282
5380
2381
9492
1358
1499
5869
3148
4228
4932
4247
5294
8382
8311
9089
7535
6366
7671
2874
8387
4894
6207
6346
7378
2289
7174
6380
4971
3448
933
2595
4177
9826
4384
8046
5673
2585
7068
6044
1320
2405
7983
2517
3530
219
3814
8426
6958
3306
4607
9014
9316
4381
1712
681
3964
6853
5088
9409
7610
437
6395
2052
1655
6461
9217
5156
5620
7136
2599
7812
6563
9129
3656
2629
2315
3993
7884
5229
4390
9180
9541
8567
615
8600
9255
3971
55
2053
1435
5114
7031
8488
7787
5147
3782
6746
7127
296
3820
3706
250
6963
4755
8800
2171
5157
2561
3078
6389
6842
8882
7472
441
8052
8166
5827
5710
7955
4054
7594
8137
5719
569
7333
11
6212
6306
3416
7957
9337
9159
7913
1119
4436
493
2955
3510
2309
3520
7569
8853
9830
1971
9137
5255
3197
9341
7173
6939
4279
6612
8031
6447
3125
2328
8866
6975
252
7437
2539
1235
7964
4168
3086
5834
5554
8621
5354
5131
637
6218
7129
4552
3061
2039
8478
2653
116
4924
1363
9628
6615
8826
9346
795
2762
6666
5648
7962
5368
1477
8946
2510
561
2355
6717
1882
4503
8456
2713
9238
9502
8324
2469
6733
8651
1822
206
9488
8309
6460
8693
5886
381
551
3486
1900
6240
211
6570
5771
6200
4097
9348
1283
4209
5406
5383
1315
9405
6184
3140
528
6108
8598
5681
1053
8870
3500
5395
1890
3388
1792
8263
2548
5552
6299
5676
7843
2072
5058
7354
9720
7385
4962
165
5956
5117
3951
6367
9929
5158
1555
3670
9373
3169
7203
3303
729
8421
2345
1132
1639
8384
289
2213
7476
6732
5110
7126
8260
5222
4158
4979
5045
2354
4061
5322
61
5927
7257
2089
8300
5211
5017
6511
3744
4824
2532
2437
5466
5729
7795
1669
7381
9187
3992
8125
3065
9182
5242
927
9253
1957
8038
3407
1437
8420
8330
9419
2551
8053
3836
5818
9894
3810
6930
3892
873
6937
606
6341
420
3149
6942
4661
6013
8376
9167
9564
2071
7720
9169
5660
4729
356
5461
2047
4080
394
2570
3328
8501
3206
2221
1314
1998
5271
6203
1369
6002
5062
4609
9867
8110
5044
8922
7177
647
7335
8492
6966
190
3235
677
8133
4531
130
1879
6071
1659
1606
3743
2743
8969
5738
6744
9754
9622
616
7161
9314
4471
3616
440
5424
9077
3225
4911
5203
9375
6393
1
6193
6145
1615
9466
1481
7065
2316
4826
8840
6288
5152
6003
7132
9336
1273
3392
3383
3466
8602
3572
1068
1237
6719
1251
2828
7933
4925
1081
1438
2981
2502
4114
8320
4481
4775
2848
9704
7034
8759
8675
6616
1718
3272
5728
5123
5831
248
9941
6540
4413
8175
8012
7603
7442
5116
6276
8199
3696
5006
283
4831
4094
3854
9745
8990
4499
1694
2231
2492
2387
6581
4393
1388
2253
3661
1033
3795
8433
1984
2632
3339
7512
2049
2837
6352
7689
8233
7467
7819
885
6248
1993
3395
7166
3523
1614
1222
6503
8077
8973
7904
3212
3476
8013
1720
6076
937
4029
2416
8138
1721
8018
9119
7123
3359
9765
6106
1764
9974
8786
9426
3679
499
1123
8247
2277
2568
5714
63
4871
9988
1301
4246
6488
4290
7618
760
6082
3430
4703
6310
3015
4771
1093
5978
6136
8772
182
2023
4219
4240
2765
9978
2996
8321
3472
2627
1253
7916
2303
9335
7297
3806
2421
7646
4003
3405
4993
8103
3686
5558
5599
3083
3960
3462
6905
6521
6702
5653
9811
4022
6481
941
5550
6535
5043
7253
887
9657
2753
1186
7908
3398
7885
6121
4872
877
5828
9290
183
5070
4986
1960
1642
6601
4145
3372
1901
597
8216
2090
5100
3156
4839
954
8829
4517
8205
1066
6000
9756
3669
495
9450
2084
7659
2207
6463
5807
7418
7746
2588
2826
7116
7493
4187
6032
1677
2372
4938
2411
7715
3345
9361
5574
6168
8918
4787
5126
7367
531
3053
9471
3546
464
957
9205
1487
5716
7030
3571
5725
5063
9388
8129
6217
2620
3955
7264
5921
6752
2216
5963
45
8187
9075
8249
4667
6585
9632
6565
4285
4098
5331
5277
5694
3832
1157
2232
6990
2526
8980
4083
9024
958
2733
8245
2937
6594
8714
8937
9918
6216
4131
7051
6912
4666
5018
7897
2312
8164
4371
4307
8671
3900
5766
1017
9035
1411
1189
1240
8579
5661
3682
5747
7125
6349
7198
8777
5737
7770
4669
7986
1511
1293
2798
4041
656
4678
6864
5518
2557
1154
2992
2958
4421
4250
9553
525
5882
4343
974
1717
657
3290
4566
9744
5795
7692
8858
7290
6077
5096
9230
4072
4576
2205
6442
5161
6713
2624
8992
9248
2214
7182
6308
718
6126
2165
4355
4837
7751
9670
3424
3160
720
9631
7019
3131
4281
684
6549
4441
1843
7910
1816
8572
5160
3491
1880
1180
7155
1864
8895
3855
3281
4940
3653
8284
1510
3018
8859
6372
4331
3063
7392
8836
1909
2153
9574
3595
5654
7408
4524
180
1719
9706
6622
1526
6928
3769
5195
864
2073
281
4540
249
9597
2341
7168
8933
1465
4288
7869
450
2740
1653
220
6455
4591
5875
5092
4311
4580
1313
4855
4983
8574
9610
2206
3118
7317
9472
1244
4586
9839
433
7880
1936
5604
3759
4334
7968
5786
2444
7943
676
8063
2601
6780
6434
269
9693
5764
1271
5327
6848
3145
8842
8294
6323
6987
7585
2639
6736
5601
9900
3282
5825
2737
1982
9038
6092
1501
4128
1524
1888
1590
5248
2100
8264
5323
2761
8835
1370
5773
9982
815
428
7194
836
4908
6523
9160
4612
9052
1861
5872
4530
1529
613
813
7655
7667
3414
6723
5603
406
7217
5410
6408
3224
2114
5094
8453
817
3736
7370
6335
2183
8369
4153
7501
4126
6833
3569
2917
6681
9866
2674
1602
5675
2142
6767
169
1231
5315
7480
1652
8723
4316
7660
8739
928
7000
823
4796
9175
1216
2002
7417
1592
5216
351
4737
6057
3052
8892
8783
186
7429
8079
8971
8425
7382
6674
6908
7921
7481
8970
18
9323
2625
1464
2356
4634
8016
8322
6614
1912
7020
3024
3387
7518
2930
1599
8894
4595
1425
247
6147
342
1365
2919
3844
2143
7497
9955
1885
3954
9049
6416
1749
7722
5269
264
3404
5708
5913
2147
4627
4728
5901
7759
3102
7409
8476
4637
3221
4180
4895
2384
8825
7721
56
8767
7280
2079
3069
9802
9874
2660
128
3253
415
9264
626
5647
9400
3684
6156
5770
1776
5942
7398
2436
4115
1020
1862
4398
2830
6018
5451
7693
1008
7558
8257
5625
565
9296
5980
3531
6078
7402
5450
7342
8546
5991
6304
7340
5476
6012
9185
4414
6072
5487
7236
754
6682
2386
8995
102
8081
7489
5048
9598
7923
7260
624
4160
8028
6252
4309
8217
3527
7523
8592
9164
2054
9620
7076
7495
4504
5559
5511
812
4034
2643
3295
9679
9495
1451
2019
8813
6502
1149
8658
6109
4600
2683
2638
9537
8095
6678
9206
175
538
2855
6242
1518
9363
5912
7953
4809
4035
9304
9793
8143
3178
8450
9485
8350
6496
3869
1646
449
3229
222
4964
7823
5703
2844
4538
640
88
8462
5979
6924
4256
4662
9664
8977
1762
4987
3289
5488
2589
9125
2056
5512
2818
3755
5706
7468
4357
8010
638
94
7824
7586
7940
1588
8645
8724
8916
2957
8120
104
4387
7435
1874
4173
1208
8522
9452
8126
2686
8237
4304
9146
8577
9855
72
5234
9877
7894
4657
8512
3998
781
1812
2664
3349
520
8223
5575
501
9636
7800
3943
2781
9010
4308
964
6807
6430
7835
1322
148
9294
8640
2877
4487
5776
3276
2422
6316
709
3937
5291
8801
2424
1597
6215
3778
4174
6112
4823
6608
628
7912
3338
3344
5896
9823
4213
9262
1915
2130
6151
9041
4277
1260
5165
7154
4223
8314
6114
7057
3126
6514
979
3174
7008
5338
5605
185
5502
547
7287
6486
8816
1748
6173
8856
6161
9915
2797
5581
2482
7421
5386
1220
5421
9247
5804
2285
3864
9126
9254
429
1943
4829
516
3792
3740
324
2040
163
1029
5548
8316
1110
3875
4363
3333
7559
1845
6760
2883
5463
6413
2197
5399
79
4842
9302
416
4227
7736
9840
3379
5906
4645
1931
2081
8221
1057
6298
6243
178
2631
9098
3658
1894
1389
5174
4372
721
59
9572
6255
3217
5823
9952
1611
3643
5525
1545
862
3402
981
8803
344
2483
3274
7119
7883
987
9057
8108
341
3096
8781
9291
9893
1261
5264
65
2119
4140
343
2898
4000
3818
5950
4821
7903
8056
6709
9543
8025
1576
6909
5140
2892
6239
3026
8547
4045
9018
4093
9518
7752
3580
3348
4330
1584
3807
6235
6693
447
6649
1964
171
2159
2500
7826
2374
9986
1063
5204
6135
1306
6015
485
2886
9114
5536
1660
7677
8585
3877
4451
7077
8232
481
5531
5540
9775
3162
1811
529
6877
4780
3047
6662
8896
2151
2269
7875
7443
9483
7185
9440
4374
1583
3323
6715
7028
4632
9469
9939
1736
4345
5377
2036
6424
453
9249
7924
4143
4991
5239
1318
5665
421
3553
3481
4395
6564
9105
4777
5185
2813
253
2493
8317
5967
9869
6021
6482
673
3232
5672
4792
8183
1875
9330
8424
5107
3120
2000
4881
8493
9432
4124
810
1534
4079
911
5864
1613
8607
790
5052
7596
8371
8758
4207
38
3781
9766
78
7419
8286
4192
4468
3620
511
557
9807
4042
6894
4084
172
8428
5010
6548
4847
1783
9470
5034
3459
1884
6245
4710
506
6513
7110
8912
7967
9078
5826
3370
7320
8923
4652
2179
1333
6526
4007
8684
632
9415
121
242
4888
4211
6610
1038
7062
2705
7036
2188
762
5341
1080
8331
8523
1299
6480
8030
4475
292
4208
2443
2348
1608
8272
4506
4885
9368
6597
8353
2567
8101
5237
8747
4479
5626
6125
5810
5998
2399
4259
5997
8504
4963
7632
1300
5982
6635
6794
3874
803
313
3265
2522
1291
1431
2991
7456
7732
1765
2757
1705
3483
4757
7541
5489
9272
8161
328
6986
919
5584
4420
8902
9818
2725
8736
6037
4919
1275
1347
9501
8596
1756
1709
9522
8389
8815
9430
4024
8886
15
258
4422
225
2376
9176
1827
1138
899
9738
5311
3452
10000
9849
1225
980
2467
8357
9188
2817
2656
947
8635
2990
692
9076
7945
2767
8475
6838
7359
4773
21
728
4631
8240
890
3772
6100
7513
8550
5622
879
2569
3649
3363
2288
6471
1418
8347
7024
3777
2795
8963
9331
9609
1169
4341
7011
5115
6642
5135
5521
6800
3296
4347
5666
170
534
6978
2408
3378
1268
7455
4646
4271
4036
1145
2946
154
3185
9218
4624
2956
2497
5405
8537
9012
4535
5961
2259
3641
7197
6968
7345
1284
7234
8436
8379
4786
9677
2547
366
8599
1084
7865
6225
4516
913
6676
9960
5585
9577
3353
3624
7846
8704
4366
4507
665
7604
9645
3093
7395
6818
3068
822
6934
752
8805
2308
2283
3819
6560
7666
3285
4848
8844
7372
2709
3115
1312
213
2754
2746
8879
4564
7471
436
6960
6528
1024
4799
3177
4575
4521
6533
9377
6062
8177
243
4582
8630
1502
1784
4740
8051
8414
8851
3214
8650
1952
8708
2110
6921
2439
4594
841
42
6418
8770
2455
4241
6893
7936
6425
84
2605
1517
3925
9886
3023
6516
5874
3705
3637
2962
3895
7547
726
4583
863
6750
4473
6186
4930
9898
1741
9872
6046
3539
3004
4743
315
8280
6988
5391
7255
7304
4068
1121
1813
8380
5617
917
8939
7098
3478
4012
7941
6436
7147
5445
3247
4853
7259
7552
419
1807
1148
5783
8248
3006
3890
4188
8888
1651
6324
5144
1877
1992
2971
6520
7799
2985
6325
4161
2882
675
3109
9862
2060
2858
7695
703
6998
8356
1929
5361
3694
5652
2010
6381
2301
8625
1133
4435
2457
1753
6291
7810
4893
1257
1012
2712
17
1844
2064
2857
4102
7763
3050
103
6113
3152
9964
9417
6862
5328
663
8302
6190
5083
360
3261
9821
2141
5334
4493
3234
404
4429
3170
93
491
9535
1226
2209
7462
3384
3085
7577
1572
4882
9966
8228
8897
3918
4118
6459
2003
384
2822
1355
4492
234
8919
8407
9653
3475
4265
730
9162
8201
2852
2181
6721
8776
1549
1747
3480
7331
8509
9985
7509
8958
9890
6355
2537
7679
9993
965
5842
8089
3410
2464
1472
2913
3150
1935
3034
6989
6170
8494
9019
1627
1278
1638
7984
2594
651
265
66
7059
4695
2614
7887
5464
1279
8960
6206
2350
7764
8359
3840
806
7554
9260
5148
7981
3270
4742
4567
7675
4439
6698
2834
3412
3457
5154
1433
221
808
4973
6527
9767
2508
7754
4736
3809
6959
36
8910
4428
3509
9261
164
8073
7064
6110
4739
2896
8035
5586
5670
7338
800
7699
5758
3584
389
4800
2975
4779
6075
3999
2590
5830
6369
3791
1094
7676
5210
2872
212
5888
2135
9422
6470
2640
3358
5127
9481
5623
3849
8830
1185
2388
4680
9414
4321
6468
3867
3264
5065
2976
2185
7524
9848
9071
9961
1406
3365
6257
3187
6484
8931
8821
6458
1162
3654
6745
8954
5741
4914
5538
5772
6149
5576
4621
5850
9212
8168
5859
2330
9070
1797
4694
4294
7821
1334
1108
5369
6854
7593
8905
4303
5305
724
7245
9688
7122
991
5012
9791
8034
188
3458
6508
8289
7728
87
8212
7314
6297
7893
3585
8689
157
3678
6925
1106
9413
8750
1488
5079
3141
5064
347
2933
6948
9203
3362
6051
4833
8623
4368
7772
5645
4592
2296
5919
2148
7352
9149
6445
4067
9013
6654
9712
3596
2554
8852
9545
2581
4342
1620
6105
3154
5350
4602
8555
8098
3771
2861
2446
4268
3966
4644
7606
1516
4462
168
9099
1327
9613
6771
5731
4590
6805
1820
7704
4405
9305
5312
1474
4411
3040
5983
2235
1354
4225
7707
6334
3060
7818
3591
5197
1055
830
2949
7670
2048
8538
8219
2222
7506
6705
2029
111
7266
9896
3691
3100
3176
435
8196
7012
385
7289
6598
6189
8094
6083
5937
2338
3858
9623
7668
2021
1644
9520
3091
112
3762
4525
9786
8213
3997
797
8220
8920
204
9992
1182
4992
2131
6573
3146
1617
1335
612
6210
559
3343
1737
7530
7909
9147
9832
7347
8632
7942
7139
3074
3316
1434
1262
3386
1801
3058
1088
1426
1470
8409
160
4244
1452
1456
8114
4981
5588
7555
7526
3371
7878
7072
4939
3600
3124
6655
6473
6621
7007
7710
6524
4560
7284
9227
6485
8981
3079
5524
3618
669
7270
4922
3801
7252
5981
9233
2412
7851
7258
553
9906
3022
1663
77
4108
6787
7691
6404
8716
3287
1317
6237
4702
1021
227
2224
1076
2097
1023
5433
7853
2426
1403
4765
782
2041
3396
8707
6711
1025
9194
259
7433
5326
487
8136
8674
4107
1307
6271
2468
8691
1600
6624
4674
4578
4651
555
4261
4683
9997
9381
2729
427
9540
9550
1170
9468
6339
1886
3263
6055
4272
311
1916
5751
9588
3271
9792
3979
2472
201
7867
6009
682
7602
6119
1621
255
1035
1077
9715
8728
6041
3636
127
3747
1321
9486
7199
2530
8511
6992
3128
3838
2611
1445
2926
9684
1362
4838
7896
4319
7094
7726
3246
3751
7682
1680
8678
4982
5995
9700
3560
6039
9171
3325
514
7134
5483
1579
9133
6373
909
7623
4543
8569
9853
1404
5845
7767
7313
9200
5493
5936
9268
1329
610
880
1533
7536
8893
3893
5120
4293
4541
9512
7192
2718
1552
892
8642
5944
4360
9714
7464
3976
4713
4822
5243
8562
3599
1538
9814
874
1589
318
7625
8406
9034
6001
6182
1928
4533
4859
4734
5602
3191
6701
7621
755
1378
6236
4697
6386
8899
1848
8633
3220
2278
851
4889
8435
859
7447
1902
7551
1423
5914
2237