1641
3928
1689
9797
4811
5758
5242
9436
5568
435
5451
1370
5396
6252
6919
6501
9057
5275
2476
5040
5669
9683
5400
7649
8376
5899
9269
5683
4914
3270
101
1238
7898
7668
382
8940
7303
464
3800
5795
6819
3475
9033
2729
9490
7679
108
4239
5750
5572
7889
1186
5796
3195
4136
2132
675
427
2517
7552
157
3477
2973
6021
1953
5038
449
7753
1379
9810
9969
1827
4934
1281
7432
4523
1475
7777
8936
3991
3696
8986
4104
6140
7368
8512
127
7788
1609
2046
6996
4392
1531
4274
543
9077
5323
9335
7449
5602
7610
2126
7868
3737
7893
5418
8849
8012
6541
4608
1390
4209
2963
4344
9289
7452
294
5267
307
6838
9121
6437
3711
9113
548
353
4416
1882
5724
6487
3209
4375
2056
4621
568
6602
6389
8798
8080
1443
9449
8638
566
2728
6147
2882
8919
498
4109
8989
7669
9259
2893
2186
1044
5567
61
2273
2847
3456
3361
8882
2691
9701
3842
3094
9054
6376
7002
9139
3234
3741
1347
7209
7371
9176
698
6111
8272
2163
7886
8778
343
2000
9896
7534
2656
6382
3329
9599
6443
164
7751
487
7598
3923
9317
8518
7111
6786
9576
7339
7352
2902
1435
6306
5252
9772
3601
7000
2370
1411
5957
7547
9546
5083
2896
9649
5912
7924
2564
3644
1745
4315
5061
4470
2601
2150
7551
4845
849
8974
2025
7609
8558
1301
3583
380
8600
8904
1224
656
6366
2334
9615
1862
536
4107
3225
1650
1052
9746
1699
9818
3174
3709
3705
1364
5975
1256
9395
9655
6268
3683
3054
3102
1152
9198
1089
8756
5629
3650
1263
5168
455
1924
3271
8805
8362
8767
3065
2699
5087
5689
3140
7039
4345
7975
9879
1343
5361
9874
5722
3158
6476
4863
6921
4590
6972
9849
2118
5058
6398
5715
4181
4166
8804
2690
4087
9535
5687
1156
7092
8850
903
7953
1474
3911
1409
7286
3303
3031
715
7973
6915
9102
2003
388
7749
6936
8348
2748
7017
3104
4862
9435
1192
4294
1673
233
1306
3237
2593
8087
7170
7037
1803
2714
4975
4349
9019
5183
981
2426
9248
6818
3619
3357
3193
5208
8740
9679
639
7731
4827
6499
4321
362
4272
3958
6572
6651
2787
4291
6649
3364
3655
854
1423
649
9319
9663
4812
9763
324
5166
4727
2784
308
609
8870
2798
3914
288
9059
7347
8957
9982
5747
2830
725
2557
3470
8397
154
4946
4581
1682
7323
1410
3597
1369
7331
384
7263
9604
9297
6807
5482
9731
8436
2217
7820
3382
4885
2996
396
3238
8770
1467
3894
1262
7167
475
2021
6566
7233
5402
7164
640
9476
7495
9355
8952
9700
7
786
1096
6549
7277
7215
3219
8193
5705
2400
5192
2858
4463
1625
5622
3040
5573
7252
5146
7623
7064
8865
3147
3659
1802
8126
9457
9474
2134
9353
4690
1948
5206
2137
4759
7478
4172
9478
5948
9389
3996
3853
4228
8980
8687
7424
1752
9540
1135
8332
7702
5538
6294
1363
9169
4684
3552
3611
5643
3019
3828
6938
7451
7842
9867
8173
8813
1342
879
3136
3653
4537
1942
7388
9078
2451
1958
1955
7965
1631
6994
8773
2291
4958
1833
6000
4984
5827
2810
3980
2192
3680
5167
5659
6749
9475
9058
4167
777
6814
2030
3085
2374
1840
8329
7189
5910
6684
139
8670
9999
1635
2133
182
1739
1552
5122
3576
5557
8098
1550
417
6345
5994
6931
6370
2080
4953
8613
4162
579
9465
4102
3685
8364
4443
6843
7859
4849
470
82
5618
9940
3976
2027
7385
5564
4612
843
4872
5738
1237
8474
2121
3658
7613
375
6434
6466
6218
4876
2812
1634
4448
3880
261
1277
9313
598
319
4491
4179
7507
8608
5247
39
6301
9504
7523
6170
8328
2424
3258
697
7441
8981
5174
8184
1303
8014
1239
4558
8807
8024
7920
2288
373
5918
5030
4916
7862
7363
1938
6866
1209
7851
9712
9014
2310
5426
8999
6599
6929
7721
1764
9496
8266
1300
3594
6721
5459
2509
201
9017
11
6586
3346
3405
6640
1931
7436
8254
7750
1151
7227
2253
1102
2490
2158
5872
4044
4620
5527
8287
7829
2639
9312
8467
6245
8776
5879
1121
30
3068
1848
2628
4268
7359
4222
1353
8197
4452
8520
3227
1874
3908
585
9391
6275
3704
6190
7087
4907
4973
3899
6918
6810
753
5608
8905
253
5189
2813
554
8954
8595
1339
1181
3956
6279
1519
4288
7666
5006
2581
6545
3132
4912
2551
8732
259
3837
7100
1651
4672
8258
5765
4193
1106
6108
1235
7801
4671
9817
9693
3735
448
7844
4587
3087
9632
2977
4593
1502
7522
501
4203
9143
1382
752
1371
605
3497
3714
424
8659
1476
3997
1419
5195
9451
9911
8675
2300
9430
1426
1780
1485
7168
6988
5759
4569
3345
3299
137
5735
3143
4040
2380
5836
3196
5518
4412
293
299
5711
1285
4647
2125
9672
7060
5155
8419
9211
2059
4722
1786
2702
9079
9241
2638
145
9344
1236
8895
5826
5763
5944
1656
3491
5326
8136
9633
7895
7894
5410
6869
6683
6652
2970
8541
9782
3565
3753
4618
3882
7775
2582
2255
4394
7158
5018
5473
5786
6780
7588
9570
3169
2673
8196
7320
4959
1014
6691
8028
9483
4573
4217
1784
5368
1619
1586
4240
3407
1494
1478
1460
2075
5509
5563
1941
4314
8880
4999
2196
9600
5516
7789
1472
9210
9835
2256
3260
9061
9595
1255
6488
7757
347
344
4783
3408
2302
2911
8127
1527
2820
9195
6431
7153
3056
9620
7526
2006
9128
269
6083
7034
931
1717
6844
7356
9508
6624
8597
1008
8586
8698
8228
8926
456
5210
9974
5259
8913
7845
5411
7259
7600
8985
8190
8026
7411
4472
1026
8787
762
4740
5701
4034
3038
2332
8437
2703
8224
5868
2405
4447
9342
6563
1816
8628
6220
6547
4094
7803
6313
3307
9501
4782
3020
2650
7476
4328
1658
8610
1071
6913
2443
6623
5474
3344
1296
4397
241
1544
2417
3526
8471
5217
6605
9133
1056
1064
2880
9572
8582
9513
8245
6553
7350
2368
6291
3005
3151
4125
1597
8259
6839
4106
5723
1707
3264
2734
5063
2081
776
6824
3568
444
619
6405
7343
8669
7466
9140
1006
9696
1594
2923
5088
7063
4533
4622
122
2398
9428
6589
8399
1440
5231
7699
6289
8168
1712
4255
9612
6349
4769
3812
1843
6990
2824
7392
5078
1015
3180
5684
8868
5020
9805
8000
8830
9111
5009
8182
3079
3728
2941
6285
890
9844
8358
4145
9438
8411
2108
1849
7183
2355
7813
1572
1601
2932
7213
1618
4057
7958
1749
6496
1012
9898
1495
3397
8398
6142
1824
8592
3605
646
9902
7446
1077
2943
8580
9719
2351
9414
3809
4949
3451
4731
9292
5638
1354
8318
5439
4969
9318
1996
2612
6186
9822
8055
5333
1610
302
5632
2937
414
3293
4841
4648
972
4970
5376
6933
8233
331
9397
9863
6056
8920
163
4451
2036
9331
6383
8763
1180
5854
3621
660
9917
1929
2180
4035
1581
6573
3541
3595
537
7797
6128
1165
1564
2876
431
7397
370
2938
4819
9574
4961
9673
3377
8302
3112
9192
6449
2804
2591
8572
7607
3128
3496
2338
4557
7333
3871
2547
1870
4141
6577
4983
2502
9809
3902
1515
9084
8095
2057
131
8997
4419
2156
5832
5772
4290
5390
953
2531
2324
8324
2290
8542
180
4061
4913
2084
2843
6074
5074
4826
5052
1021
5162
3409
2483
1939
2201
5565
5441
7902
7822
7627
7800
5830
6763
6324
6833
3294
187
6565
3632
4244
9255
9991
5318
7076
526
2394
5278
1993
4654
405
4306
4840
9105
618
3171
9886
7857
7729
5588
1570
4225
8297
4666
2427
9897
62
2263
1233
9322
4006
9783
1465
7903
4886
691
1936
247
5639
818
3906
900
6253
2408
8426
4610
4155
4649
6974
5696
9885
4504
8705
2595
1664
7431
2855
6075
411
4175
1654
7236
996
8164
8701
8646
9290
9691
8907
6320
4925
5350
120
9637
5256
9507
9747
7513
5177
3404
6924
1892
3261
1704
3349
4781
4775
8031
9316
1375
8704
8269
8247
8744
3249
5990
2221
376
7115
911
8577
8846
3436
9949
3875
4788
6445
2318
9703
172
9294
9148
7625
4270
5525
5120
8637
2543
1197
3782
1245
7971
2607
7279
9698
2194
3369
6668
3003
2258
4825
4640
3011
2454
876
2442
8343
546
9482
9182
7417
479
3629
6290
3194
5849
8686
6243
5878
1307
7505
4435
582
393
1414
1819
1038
9093
4076
8483
8892
8412
118
2371
4915
5296
5470
9041
116
670
6310
2770
2191
6740
581
1258
429
4905
3480
4165
500
8316
6530
7539
2071
4043
8928
7771
9745
1904
1748
1954
4292
4938
7201
3332
1194
6935
580
5478
5615
4698
3891
7247
636
5408
6628
1679
944
2648
7714
6792
8361
5214
1491
2222
6962
8415
1734
3439
5282
4068
2527
2034
7038
4562
5982
5524
2863
514
2542
7896
5834
7818
4182
3944
2459
8871
1868
9594
4743
8899
9563
7544
437
1043
9550
6036
5013
9370
795
1293
9865
5697
1684
4868
5143
7403
4985
8167
2872
553
1424
9131
228
9443
5813
2386
481
8162
1826
3500
3420
3278
5703
9861
9694
8699
1327
3355
3566
6620
196
3428
4631
6043
8463
5816
4831
5991
1384
9329
34
9742
7299
4762
7185
1665
979
2879
7319
1075
6753
9848
5106
4816
3975
5044
4039
125
4320
1090
1439
2250
4367
6606
2637
7586
3889
175
2658
4728
3773
9163
1066
2092
7738
1871
354
2042
1128
7532
3091
3743
4763
1397
573
5466
7413
2331
583
3181
7856
3495
170
9345
1129
6222
3
7188
3479
6280
8330
4846
7652
1143
3048
7767
2526
8304
2035
6975
8521
5324
3444
6546
3468
9444
3867
6858
7554
6815
8696
4661
3570
1937
5295
1934
5727
4837
9955
6435
6899
3797
5310
1097
1484
4545
1451
1362
106
226
2799
3946
5464
1196
9375
2141
1975
8927
669
3212
7283
4549
8725
7663
3838
8517
5640
9083
7802
4449
7568
7344
4430
779
705
805
4513
2682
8455
4799
6744
4024
9988
9793
3156
5621
9405
8478
2247
6939
9607
8775
6711
2645
3544
3884
5930
3088
9931
6119
9122
5959
2136
4411
1139
6026
2987
7549
4211
1442
3445
1308
2620
3117
2790
7137
5460
976
9532
7722
2807
8172
7563
4663
2571
9916
4190
4526
415
2968
6214
9285
3482
2951
9827
8096
72
2341
9838
5341
2935
279
9056
6266
5019
3978
38
350
2652
9820
6001
4199
7712
5893
8626
2094
1114
5988
6198
2927
6693
6448
2603
5542
5337
7329
7601
6399
2916
947
8643
3390
4363
7008
3898
3160
5672
8393
1477
3448
8315
7191
6348
5131
2552
3427
4201
5142
156
7127
2014
7694
1273
1336
6182
7148
3176
3365
1793
1199
205
1471
9894
2566
6009
2329
6783
3055
6910
8569
1344
1392
7238
2100
1677
9214
5462
2377
9941
8389
840
3080
5467
4479
3511
7091
184
5501
3210
2887
6151
4473
358
5922
4316
6093
1289
1112
9804
2710
4805
7540
4796
9028
8015
9234
5657
5576
2292
652
6627
2884
1076
3358
918
874
1025
5940
9243
9340
6421
1545
6979
5476
4440
5779
6903
1434
63
3663
4376
144
3401
2513
8460
5260
5993
5558
7325
718
4894
4670
3988
128
4880
3320
9881
5219
8183
967
3626
5599
6788
224
1770
9280
8192
3418
6909
6171
7401
5164
2766
846
6841
8987
6724
8011
5941
7770
121
5964
6896
3756
7635
1763
870
2780
9069
9536
4399
8480
3643
8301
6109
1522
5037
7754
6125
663
4001
3982
1922
8648
8363
2767
9515
4777
6395
5909
5446
4048
2670
5170
3970
1036
7182
9860
7271
7163
8908
1686
250
1670
3622
7415
3892
5031
5947
3089
6433
2641
4476
1167
6518
5917
5172
5916
5094
1769
515
8684
6359
8286
2731
9857
7581
5670
4148
3588
1329
4436
9715
2646
3766
3501
3483
9503
4784
9527
7235
40
4333
7332
1738
6923
6082
3185
8549
5059
3545
2622
6916
6953
3074
9245
4379
2354
5732
5931
4833
2479
7599
5937
2846
4049
978
6797
1747
3938
7373
4535
7631
1198
9137
7747
7733
6136
3918
3072
757
320
1175
5821
4960
7464
1000
1171
329
5171
6754
3370
4652
3481
129
46
2306
1981
7677
7272
7718
4570
6796
9207
3677
2672
9856
6127
5589
5067
7144
2456
9171
6781
5935
7340
1148
5419
9100
5405
7204
9932
2078
3821
7538
2285
1157
2286
6077
1416
875
713
5149
9927
7260
2283
2231
6438
3736
3288
1584
6519
3636
6122
5768
9225
5784
7224
4404
5903
8476
1898
1265
1356
3925
242
3239
954
5263
801
1062
4634
2525
5077
3731
5980
1470
3786
6659
6262
8937
835
5709
601
9070
9794
8020
5535
6966
2106
4815
5079
4469
3149
2213
5874
1395
9369
491
4530
7734
6694
503
7310
9208
8514
4131
7995
4548
3895
8485
4906
6066
7295
1671
4715
3330
7974
7533
9801
1902
3464
4013
7726
9150
8016
4267
7828
5870
8702
6308
1681
4243
9024
1205
5008
1355
9692
8547
1776
7486
3879
6801
1571
3413
282
4500
7938
4282
679
9713
9796
4664
3321
6830
9366
9789
7154
8047
8169
4347
3950
8333
4687
4602
133
3319
3362
6634
7203
7562
577
4636
1970
7050
8157
5075
1136
6271
9409
9279
2568
9376
5883
5395
9608
6114
1525
6200
2389
2416
2854
451
7475
6143
7380
3915
1001
5428
4184
6360
560
6716
2579
7470
6010
8170
4909
5531
973
4756
2038
7301
9757
9558
702
7172
7461
596
2819
3631
9125
1676
2453
7442
4242
3317
8780
8650
4540
2234
8562
5740
2909
5258
193
6461
8464
4421
9710
4933
4615
1469
1079
6743
2482
4019
9357
36
3306
6671
6468
7027
9383
4323
8030
8867
6299
489
9440
5686
5440
6447
1178
150
3961
3592
315
8001
7098
5062
4858
8163
6588
1228
7664
2187
9579
5915
5942
6558
3517
4481
1732
4586
6860
807
9050
6460
9767
8033
8142
9592
2883
7570
5529
2716
483
4158
5663
8728
9523
9283
416
8788
6347
7035
6377
5859
8557
1791
8414
2129
2693
419
1811
5840
9063
2411
6871
2104
5082
9549
6238
3473
1821
8484
2749
6757
6712
4482
3351
1814
7949
4966
8446
1031
5571
4522
9114
3795
5372
6040
3257
513
2218
2922
4296
9199
9971
6101
2182
5429
136
5515
1029
5216
4426
7374
638
8481
6187
5001
7162
5628
7527
9845
3924
3187
8879
267
4626
6072
6905
6439
1437
8979
1230
6789
1887
9520
774
671
7980
2958
2523
716
17
5680
1009
5943
2534
1675
5769
8187
2455
476
9032
1104
4312
4738
2160
7023
1537
7614
59
9786
3269
9812
4511
610
966
997
1274
3984
8594
2152
2396
2946
8271
1767
1647
9802
4108
532
2275
2590
3937
798
865
1168
5322
2715
880
84
803
6141
1501
9045
7384
94
4935
19
2359
1692
3627
9743
336
452
8470
4117
5692
1649
8791
9330
8433
9410
2301
5073
1405
5196
1457
9180
8585
9891
2741
5041
6295
3366
7444
4026
7069
5450
7400
8838
8108
7709
135
3504
1719
2219
1513
5733
3137
847
7796
229
9303
4580
4824
5272
8067
5201
7658
9287
4067
3927
4140
6943
6836
6365
5828
9459
2757
1574
5995
6582
4847
6557
4237
8738
8451
9667
2388
1509
7357
6248
5237
6503
5864
7799
9218
7501
2530
3305
2785
6286
8479
4250
6685
7228
4202
1051
7126
4751
6982
7519
5352
9611
6296
8615
468
7270
284
3487
9190
1917
3602
425
5406
188
5528
8023
2905
5650
2957
4012
5718
2082
305
5432
7341
4370
5264
9020
2548
7805
9066
4582
7906
9761
5979
7594
7929
4305
1957
2575
4930
3738
3747
1530
8584
4339
402
2838
8753
7030
6097
7179
5224
3381
4506
8285
512
1563
3060
2783
8652
4797
4263
5839
6609
7880
9300
2983
8806
4927
7981
2886
9568
2326
4081
9431
1430
597
2696
3034
9119
6862
3233
7741
9025
5124
2264
1795
8890
240
8768
1554
1023
806
8662
3748
6407
8299
6526
2764
410
9306
6087
7099
4947
5598
9048
4052
2200
7690
148
3393
6099
3029
2536
6677
9598
9759
7221
3471
1607
8077
8764
1539
6650
1010
2323
6758
8229
3549
6835
5197
5366
8958
4976
348
8588
3081
6003
1928
6162
8275
9273
695
8863
552
3536
5182
3454
6947
1962
8724
8501
2949
9670
6888
3715
2578
9401
3279
5520
2360
859
6512
4714
3433
5833
4212
1446
495
1033
9928
8889
2845
5817
4910
3654
3013
9108
2791
4369
4501
5614
1895
8216
8044
4860
1627
4709
2460
2709
4747
653
781
6872
342
6756
1318
1789
9499
6698
2875
9144
3183
6206
2430
5522
2539
1817
8551
5777
8406
3186
2976
6747
5613
4972
8915
7936
7758
5497
4213
2913
6706
2070
2994
2381
1420
5153
3459
2890
5448
2236
4468
7112
138
9023
3687
7556
780
330
1473
7704
1291
71
340
6702
5552
2816
391
2103
7535
4692
9888
3130
3142
6094
6491
4568
3523
395
3606
1351
958
7447
1086
75
8532
6590
881
8250
2493
2480
2233
518
7296
747
4686
4529
959
9847
2805
4888
8605
9227
5045
7208
8832
6057
6219
2112
3070
8902
868
8176
5544
2919
4779
2835
1853
9126
1054
8311
7437
5932
49
6927
1861
1729
15
9924
4889
7839
2610
7113
595
6616
387
9833
5387
8495
4613
2063
3933
2367
4623
56
5778
814
2908
2540
763
5499
8733
9855
4308
1846
6223
1925
8619
7360
7131
9597
3543
8076
407
5626
5253
8295
1337
477
3819
2736
3008
1518
2366
5792
6615
7001
1013
7841
7430
8107
2892
2778
4127
3876
709
4046
1422
5228
303
4771
5401
1535
1203
5630
147
1612
3620
5369
4234
8017
126
6535
9525
9998
2755
2815
3253
8186
658
7032
1454
1829
3676
5484
8088
7365
6131
9900
7101
3802
7852
606
8824
1517
268
7381
5807
6559
3276
2549
2484
4277
217
9996
8596
9009
158
2808
6741
904
9194
2856
6425
5505
2504
6411
9076
1257
1589
9552
7616
3213
8147
9538
4147
2842
956
9156
8641
3558
2208
1173
5290
3075
7046
2064
819
4617
8084
5049
7756
4462
3719
749
8403
8668
6091
9002
440
3868
2998
523
7448
1069
2392
5656
2569
3600
8025
6317
9250
8524
3972
6528
5385
2563
8797
8494
9205
6391
4766
7963
6881
6761
4627
2074
1332
7140
4387
7414
1624
589
2369
5617
3712
7922
995
8622
3778
829
6598
8493
9528
9381
575
1393
5578
3350
2068
5488
1002
6767
4156
2458
8873
5449
6777
5788
6785
9268
5150
7557
9760
1335
5340
4579
2556
1429
3331
490
214
8145
9851
8629
7376
5753
1059
3668
7590
1646
5022
3848
3066
1614
6723
5222
6270
2463
7499
4429
1080
5506
8319
1965
6720
5581
6239
9872
9545
594
659
6081
2740
6474
6250
5604
4227
8765
10
1229
8006
9593
7848
5081
3312
2782
5678
1123
7964
8296
4521
8449
7498
2874
1118
531
9427
6828
2993
5417
6509
6678
921
4730
7911
2179
1479
7648
6709
3783
6485
9433
8032
2814
58
1219
1899
6591
482
8621
4764
775
3858
6326
300
4656
4229
9281
6956
6669
1176
235
6511
3829
9965
5919
3274
696
648
2062
3152
4432
3901
3083
5180
5096
6328
6406
2033
9643
8505
5831
4667
7989
7345
5305
6096
4955
1452
7212
5133
2280
5221
5652
5892
5853
5521
3758
1510
2756
7982
7216
3255
3063
1551
271
940
9497
2162
8746
4033
5463
60
6551
339
6120
8267
1377
1149
7026
8051
6775
590
3398
7512
7783
6480
5539
5356
2097
6315
1876
2410
8089
6795
1855
7566
6226
7713
7328
8232
9956
3380
5491
3964
4301
6419
1702
8781
6585
6264
314
9413
8273
4020
356
9688
2336
2649
3026
5095
8377
541
3740
4334
4873
5546
9653
5969
9980
2522
9235
7426
5667
894
69
2085
7891
41
8996
9387
9993
8165
737
357
8408
401
64
6772
2829
4047
5191
3001
3533
4883
1710
8771
8578
7994
3472
5287
4215
4943
3559
7572
1449
7462
1207
3555
5745
8093
6061
3292
3692
8566
5042
8653
7130
2189
4265
7904
5117
4806
1511
5335
620
7214
6
8249
9455
8248
1927
1869
9769
5085
8201
5794
1866
9244
7717
886
6672
1678
8221
2660
333
6314
6234
4041
3340
7065
7463
2562
7887
5116
690
6639
5069
2007
9204
3145
2559
9296
352
9127
1672
1828
9004
7592
9015
3870
1505
3283
5999
6172
8815
7555
4007
8969
4814
6686
1701
3757
5512
9959
5347
4465
8550
562
8661
4765
7307
2826
6718
1456
8583
4366
6955
3042
771
3133
5032
5144
3339
3014
3724
8313
647
4293
9005
4014
898
7768
6600
1967
9992
4093
9222
3903
4221
3155
8268
8510
5248
1113
6646
7443
4356
8876
7815
899
2792
7872
2229
720
2079
5966
7042
73
5958
8955
9531
7583
254
4628
8379
3761
8898
9228
4368
8525
2915
1134
5651
3423
8251
8752
1643
5601
693
7651
462
3400
9674
9784
7918
4936
7542
7678
3266
1599
8877
7892
7005
735
6467
9777
1844
5611
4599
4101
2640
8931
200
2592
9271
4497
5561
2382
2349
1441
2198
4651
838
7582
9933
2060
374
8721
8818
933
4801
2864
5457
5766
1244
2953
6018
9480
2127
5891
1126
3322
173
7761
9883
272
6703
3699
8822
7930
1188
14
5494
359
3016
4152
4611
8082
2421
3493
44
5302
9406
5496
6971
714
6415
8760
9426
9257
8515
1407
209
2089
6079
1288
1912
3004
2095
9068
1969
1726
6827
2069
3126
7615
6032
68
2541
6707
2694
1595
9677
9081
8553
5047
5586
8688
6522
3220
6808
2330
9168
8294
8422
9957
9252
4911
5043
4674
1088
6432
4337
8263
9239
8355
5737
4245
2669
7151
6848
3807
6441
2750
6538
885
9807
6166
9006
2465
731
3641
3540
3519
3314
9338
5974
2061
2090
4842
948
6361
929
4584
9831
274
8281
8935
1543
5685
4090
4591
5239
5477
7817
9627
9920
478
9906
6914
2364
5688
2904
4285
884
3302
1705
7387
3563
7420
8128
4981
9625
8049
2747
2956
6681
2457
8292
3814
2297
8893
9044
6784
3084
9987
9441
6070
5279
2558
8441
390
287
5555
1292
8604
7630
2802
1403
8129
3025
9735
8146
8647
7870
6150
7047
9042
454
7705
7033
813
5068
4123
7634
754
4699
3662
2577
5741
8563
8664
4681
3119
4038
8939
8392
4830
5829
8819
1639
3457
2128
7967
4028
9193
7418
2665
6089
1376
6816
750
641
4685
6288
9123
1718
2143
377
8988
821
7940
707
7229
7932
1019
3652
9348
149
8034
6934
7199
1879
2796
7230
6965
8734
6409
5053
5111
236
7959
5880
9200
1775
5223
3177
2308
3162
8561
6247
9946
3229
528
1889
159
2598
258
8134
7492
7412
9091
3527
385
7072
9936
5905
3291
8445
4742
5802
8225
3170
7108
1703
363
9047
179
6614
5508
4979
6006
6312
7633
2510
3206
1093
7520
2840
8685
2503
5028
5012
7962
318
4752
677
5592
2130
290
3820
3691
1489
207
5809
2212
9498
4187
5015
2305
8322
4942
2348
3231
4897
7809
3430
9301
6958
3197
3243
3342
4262
3569
2287
7293
1213
8533
3965
6688
7491
3281
5135
5187
4952
2859
603
6067
6396
1778
7410
9085
1528
7396
4085
1932
811
6831
2705
2625
2313
7195
1864
1611
5739
6642
7786
3847
4119
6346
5770
5157
6826
8116
9923
1418
6325
7983
9811
3630
3661
8439
9146
1298
2647
2242
6692
225
4832
4971
8671
1708
5255
7194
1072
7007
7116
721
6029
2867
6102
9854
6532
7503
9983
3488
6401
9170
1541
5577
547
8720
2918
104
3808
6115
901
7579
6451
4340
8110
9506
2418
952
2470
3919
6908
5229
5590
7416
2402
5876
8059
5706
2407
2512
7991
2262
1842
6897
6412
8326
321
8934
688
7725
7543
8465
9046
2895
4055
625
2831
436
1606
1067
9705
4011
6708
6764
8606
6453
7667
5381
3097
9384
3441
9842
7525
6152
6498
7888
2738
3120
2146
5225
6840
1466
260
8125
2462
2839
3951
3241
2383
910
778
6039
9779
5841
8138
24
1500
8825
3580
7901
3275
1162
5810
4877
165
9753
5981
1401
2834
3745
1807
9011
9826
6352
2584
3774
6450
7921
7942
9823
5550
7946
301
6564
635
5597
2373
2271
8457
8212
1700
1788
3374
7997
9775
4425
4694
4605
5029
7558
7875
535
9606
8607
3931
5194
593
2725
1809
2614
3790
7078
9722
2772
5756
5780
4578
5939
6930
3637
4678
3067
2209
1906
9737
7031
6329
567
8674
6902
7944
2952
2907
5547
5233
4957
6323
3327
1930
4809
4471
141
6842
9223
9995
4810
8185
7620
1109
6189
4398
2039
153
5517
5998
8943
5266
877
4326
5540
5422
6027
4078
678
4659
8063
4176
5625
4989
423
37
3587
6726
3561
5646
7327
2445
1346
3799
1127
8810
7578
9714
927
2387
161
4576
6440
9913
5409
9875
7835
8609
130
4139
7178
6667
8390
8274
2468
7711
1436
6104
2401
1163
8944
2228
1057
7629
1858
905
3399
6181
8717
2464
7659
1655
4381
6682
8064
5175
3007
6338
9610
6969
8855
1272
8743
6861
7957
7923
746
6928
7358
8086
5011
8727
9183
5757
2683
897
8081
613
2048
5200
4385
1909
9657
3835
4921
9371
1137
2282
8618
4230
7067
4261
827
1348
2948
5137
191
3954
637
9671
6710
9514
6246
1190
502
8565
276
5776
8499
5752
1557
9086
4299
6952
2344
4749
5534
1034
408
4643
792
8570
943
6531
8856
9277
8912
7571
4679
6959
3670
8369
8526
645
7348
6183
3547
22
8967
9646
8111
5407
1061
3733
7810
8862
6805
1687
1835
8708
4287
9587
1243
9764
508
87
3749
4018
8370
8141
1999
5889
6174
2461
2870
1325
5207
6714
8754
3252
4713
349
7254
4677
9173
4682
9792
1540
6533
2472
1774
8938
7850
8872
8174
1210
1558
768
4111
1566
3940
6413
9266
1004
3429
5328
3716
7739
4220
8204
538
1940
6985
9841
9870
850
7867
751
6752
3467
6874
3216
2518
8726
8843
338
9060
5913
8448
5269
510
238
3945
2666
3244
5349
5139
9336
1743
1111
8616
6739
2732
5128
1742
8202
2809
9448
5351
6024
1706
70
9155
1794
1319
3387
9815
7074
3024
9039
3280
9282
4036
9477
9516
4951
5549
3051
27
8995
7639
8803
4154
9617
3618
3873
365
1688
8909
9486
1309
4767
7926
4403
9864
5961
5179
7169
1352
5714
1267
1074
4991
234
6802
8812
4474
2600
6603
8568
5383
8262
5136
1049
1596
5355
9519
8962
4818
8552
1094
4520
6177
8027
3410
9276
4151
5595
9216
3389
2489
1042
7097
7084
4884
7239
5887
5343
7226
4856
6612
4129
8504
1461
2496
3141
9471
9398
5003
1226
6037
3064
9096
8906
6160
3462
5321
8498
5301
7970
6446
2633
3062
9768
7186
3682
3208
4066
4417
4198
2449
9866
1666
6164
2466
1024
2199
719
8189
773
8113
1421
9800
6632
8894
5624
2049
6340
6138
2166
2758
2827
2327
4594
2379
2384
5607
9263
3553
7506
3625
7282
9613
3161
3211
1330
7053
1516
6506
5181
1591
5262
2881
4900
2679
6064
816
8444
8075
5243
7346
8777
8058
6402
4922
1951
6550
7021
9573
5554
1860
4630
7438
7022
4609
8428
6030
8706
5437
8762
9567
8716
1400
4186
2574
861
6113
3866
4269
9668
3684
1973
6618
6514
4755
7375
6644
5636
7764
9429
1068
6997
6893
2144
1374
4993
5338
889
8794
7564
4855
1830
2689
6845
6454
7597
8375
7730
3027
3806
2153
2168
3226
2040
3877
4415
4233
6084
2719
9388
2832
8438
232
6635
3779
1158
5273
9206
6878
7528
3202
616
5105
2700
6859
2520
6049
9307
9390
9094
4083
6008
6481
888
2586
5348
6822
2521
7645
6014
4402
2997
4980
6766
7338
9589
7656
6227
4607
1859
1698
35
7314
6776
1963
4453
2145
4180
3989
4702
6976
724
2894
7234
7274
4635
8820
2991
1323
5642
8883
2833
8206
1691
2412
4807
2385
961
5453
7266
730
4254
2376
2170
198
2852
8497
327
9494
5815
3647
4361
7602
6235
7370
6517
2524
9726
977
4395
3947
3505
5835
5882
9309
9473
8766
8100
6873
1512
755
4505
5970
9425
360
5894
6224
7776
4362
8546
6675
7311
5293
9526
9686
5072
7720
6967
6422
6981
7933
7044
7840
6542
1854
3530
6130
3107
3726
8783
6980
4461
8413
6112
3395
872
7423
3093
1260
4795
1058
8579
389
733
3840
6202
558
841
1549
3049
4401
4745
7866
3623
5424
4676
896
9407
5365
1514
569
6388
2138
9446
74
8097
9778
633
1287
4538
726
5791
5675
2284
2695
2969
5945
2477
1974
789
769
842
4954
3528
6167
7250
21
2230
7781
4490
2929
244
1565
963
221
8950
5346
119
2942
2309
5881
3326
4644
8200
1982
2009
8900
5354
7070
8409
6045
4051
7604
5587
3713
6390
6464
6204
4700
1050
8866
5311
9744
8793
2114
8758
4834
5434
672
6307
1696
5244
1979
9553
6999
5471
9505
1302
167
1039
632
5373
325
6851
3200
2944
473
2107
7752
8535
3324
6372
5430
9534
4502
3698
3301
1386
4823
9151
1757
8021
6379
3347
3095
9628
7990
5304
8601
7309
4135
5145
1711
9603
7596
1286
2921
9521
650
9134
3702
5530
4493
2849
6180
8649
9960
3458
5673
6126
3681
8416
1216
9242
7106
4791
7832
7483
6593
4195
9887
9582
5319
9968
1159
3562
9901
8462
140
8135
9581
9947
4264
1164
5436
8636
8992
7324
6048
1488
2372
4178
9750
105
7762
2494
3115
2343
1985
3402
1695
4000
5609
6989
1221
1415
7066
1496
9247
1907
9000
8859
9583
9154
932
1629
8998
5393
9824
2793
7683
505
1387
2139
8240
2681
4992
3455
7071
6951
5713
5877
3148
2251
9832
5357
5946
5984
2235
9191
4424
5671
2488
5774
4015
3910
9821
3957
9055
1797
6254
732
6778
4551
2395
8442
5976
4153
2661
1560
3832
9463
2183
8372
1367
5820
9756
4009
3245
7159
6821
2597
6205
8564
1661
6983
9687
6611
6210
9828
2018
4286
4483
1956
5107
6584
8106
5848
6092
6556
6191
7665
602
1322
2026
6977
9246
9089
3391
2962
1208
3502
6426
2657
361
2498
7472
2211
8994
211
2821
4624
364
5334
3657
5690
1758
5600
8633
8220
8757
8317
2492
7232
8473
9402
4528
3934
9836
3207
5965
8045
9484
571
6950
8642
9629
5152
9485
2415
4115
8101
3313
8469
2777
5188
9890
4838
6363
8874
7790
316
8709
5507
1268
5023
3615
5785
2032
8492
7134
4423
4005
4619
9542
2353
7900
6713
9964
4064
7361
7682
2611
6194
7834
3114
4542
9031
629
6257
8703
8496
3987
7177
7490
6269
4606
534
2087
8627
1961
2320
6820
2197
7735
9421
3105
1590
2744
565
4348
2940
9165
9618
1952
2986
5443
7546
2225
9324
8410
6625
6211
5481
7541
7518
1968
4534
6242
7628
20
7697
4485
9661
3192
630
6701
4053
4498
9795
6984
3725
3635
7298
2733
1808
7653
7833
7517
9882
8099
3973
3718
5822
7707
2961
1720
1425
5562
7637
9103
134
12
6794
8617
6272
8380
8614
469
1222
8718
3203
6249
3385
4163
1280
32
8761
8137
8062
5729
8749
1486
5076
3018
2053
8194
8968
4736
4273
6012
1504
6373
2999
9522
3098
9717
5661
5312
2303
4042
8050
4514
8663
5710
7913
3708
9454
7251
3739
9373
7014
3167
4560
5605
7816
809
6110
9819
9179
1533
4571
6736
7885
2013
3776
4890
5280
9723
1214
1721
6674
960
8341
3694
4733
3273
3286
2206
1559
6663
7763
5695
2822
4207
206
418
8205
5570
7846
6452
8977
1412
2960
2157
9328
1408
4515
3607
7440
5744
9043
4829
5159
3941
7219
3845
5303
9990
6490
5398
1577
7585
2851
2687
9157
1264
2347
4486
1798
1254
5804
2120
6429
9136
2697
6229
7675
3959
181
745
6069
2567
2161
7619
8852
644
2982
3781
4100
8040
5246
8755
1630
8373
5682
6175
4817
1983
484
9221
9738
6393
6225
10000
8360
8916
3846
723
4864
9915
2985
4183
9975
9560
6925
3498
7955
5414
6645
3113
5755
8681
4917
7058
4455
1048
2109
7041
9929
6287
946
3930
8599
6732
3929
8035
4297
955
7618
6368
2936
8226
1317
5016
4660
5668
2836
4488
2429
8949
654
8826
9467
9702
1035
1032
914
524
9298
9352
7759
5154
6477
8112
1007
132
1016
3532
9149
6729
8736
1593
9270
4990
5380
9049
4994
3182
8829
6570
3363
851
160
9308
8109
5184
4113
1657
7744
5760
1314
4633
4964
113
8213
8522
6544
9877
8071
2260
1547
924
2712
9859
8131
1458
3438
3298
1338
1174
1498
5996
8841
9602
5220
2184
6302
9437
8418
7884
7459
8845
2926
7909
5897
5360
9590
304
1321
1204
3525
7304
1568
788
6832
4565
5017
1984
3817
8005
6062
25
4739
1359
917
311
9267
680
3058
2051
3764
643
3896
5235
7765
2419
808
8124
6717
2529
991
1553
9791
6680
7143
3634
7095
5442
5610
9333
7080
7966
6465
8090
6284
95
5790
6520
4804
8503
9685
826
7123
3693
7009
9912
3044
8509
8576
5190
5399
1045
2335
5204
8970
2618
7290
1278
8171
5955
213
7876
3059
6524
8914
8239
3974
9684
9708
5113
6418
6387
9132
6274
7306
3494
5447
8808
6017
3474
6088
8265
7128
1248
6800
511
9952
7419
5519
4732
7838
7878
7861
9362
4082
9942
1685
7550
8427
6898
5156
6809
3579
9479
4022
4346
2328
1865
3310
4717
8993
7390
3041
3535
9129
5483
504
1017
8396
1231
9110
7662
1092
1091
9938
3426
2249
8611
102
8068
3917
4499
3315
2481
5086
6005
7969
8933
5647
6885
1644
8230
2759
7621
5645
5215
1526
5397
3372
445
2664
4874
210
2692
1492
4122
3955
5316
9930
1252
8198
4527
5415
4776
9678
270
7150
5837
1728
4718
7406
8513
3518
9509
2422
748
8534
8924
6193
6864
6157
1200
3111
3422
4945
3036
4658
9012
3798
4168
2473
7706
8602
91
8735
9541
8308
3006
5100
9561
1065
2857
9869
8658
428
1529
4279
7456
6647
6737
6906
1433
5978
4080
1206
2165
8282
3827
5971
3379
4281
1633
7300
6592
322
5977
6230
5307
3376
8450
9178
6886
5514
4639
5787
3354
9368
6384
6596
9051
9634
9529
1971
2045
2220
5339
257
3922
4813
1605
6362
853
2978
218
8751
5027
459
4893
6829
4396
7202
2794
3573
6922
5924
6469
7890
8155
9138
6825
3138
9311
8394
197
6948
8816
4902
8352
7173
9908
3844
3392
4045
6626
123
9547
8385
2871
986
4924
5720
7493
6341
6305
9419
858
5066
804
4878
4962
3542
1582
5469
4931
9360
7587
7780
9462
5634
5702
9201
6292
9853
6216
5783
3648
3992
7724
7094
810
5751
8964
4029
8336
4689
6244
8203
2205
2190
739
8121
2363
4241
4555
4487
9187
262
1602
1730
7871
3905
2532
708
3513
2420
4459
8731
2485
6404
4384
4948
3935
3524
3690
3033
8528
5261
8482
5060
5002
9249
681
7045
412
1885
3284
6408
8784
7107
6158
8677
4956
2425
155
3794
5852
5603
5299
7977
9067
48
8508
4405
9751
6890
6482
4205
1587
1183
5660
189
1030
830
9695
9349
9374
2073
3242
7054
7125
6155
3612
563
7948
9177
6880
4377
4563
2701
4185
8440
1101
9871
7244
2238
1521
2608
3672
3308
6459
1987
3373
4389
2917
5329
231
7253
1766
5199
9363
570
1490
4929
9950
3721
5377
989
4510
5431
1453
3300
4283
1736
6267
3831
9469
2065
2216
9690
1166
9466
7654
9837
3325
494
7998
4096
8972
3841
9937
6746
7622
5847
3671
533
3628
1290
2619
5805
8091
4327
6621
687
2167
6207
9364
7479
146
5536
3792
5300
8545
3803
3948
584
7121
8279
8384
6199
26
5092
8634
2333
9382
3116
2955
2356
8598
3434
6907
8338
6497
3787
3046
2718
3843
4556
8400
6129
1836
5612
3232
4074
6525
50
6022
7529
9958
6854
9680
2244
3240
1727
2175
8737
8530
4601
6731
6375
1483
4335
2545
5308
9781
8719
8884
2866
8120
9334
5950
86
3201
2954
4332
9880
4303
8574
923
3043
4724
3904
6168
6343
9310
8679
3247
399
1234
8490
5716
5510
3002
2450
7193
4050
4143
2352
9973
6492
6536
6561
934
5556
2515
1399
2753
3388
4879
110
6462
5051
42
878
5330
3333
7814
54
4604
8402
5370
8074
5325
2781
3881
3099
766
3224
9749
8857
2017
246
631
2711
6353
9843
5232
432
2800
6560
2226
171
6515
4519
4191
239
4206
6277
7132
668
1878
4
5812
1027
4844
8191
6031
2605
7500
98
1185
3921
1144
3172
8975
3476
8487
7205
1385
8188
7471
4218
8729
8676
4132
3450
8772
5389
8133
9346
4531
9733
5987
2339
1487
4866
1450
1250
2173
2801
7081
823
6153
5620
7192
249
2098
5297
799
3000
5025
2507
4589
4189
5344
2572
7278
7020
1316
1534
4110
1520
8054
4790
7508
1994
712
421
3188
3073
2423
2174
2992
6424
3045
1653
9213
5676
3360
5249
6035
6427
8387
9052
9907
1145
6607
7560
7644
893
2151
1445
266
2505
8246
2971
8693
4539
8178
9161
3507
1218
5734
9654
3768
3121
7952
286
1905
7819
1028
3751
7364
1923
4298
4313
6751
928
6617
5904
4710
1992
7671
7860
8036
6336
220
1903
5681
758
3604
7917
3577
1295
2055
3127
79
2295
4908
2844
6023
8339
7103
7427
5394
5929
7210
2775
8922
3593
7689
987
1724
8083
6118
6457
4598
3830
6256
9758
7881
8834
5726
5866
9734
92
6653
9502
8401
492
4318
4464
78
7280
4536
403
2609
8350
8792
4596
8434
2565
3217
1141
4027
1600
18
2623
9976
9876
4857
3706
7010
1003
6241
9038
4583
7723
8354
2188
1455
1823
5504
6665
3897
1777
6374
9665
1959
9925
8833
8918
208
8747
2279
5309
6894
1642
4118
2437
8848
2632
3613
7836
5240
4058
8119
962
3993
8123
8257
8932
6715
8432
2964
5121
461
4219
9035
3465
5627
5719
8280
6414
8255
369
1081
9621
5458
2674
7040
9730
7823
7737
2811
7494
8507
4414
743
8945
4668
5890
5902
6697
4409
1212
5412
8069
6004
1847
6065
3624
5250
2096
9748
4062
7968
1977
1122
5721
922
2281
8475
2587
8965
7772
8149
5860
6738
1328
9184
152
1189
7240
9115
1444
4008
3337
3550
8140
4021
2099
5799
6790
5553
4701
3368
7945
4231
7261
8383
8009
9339
9721
6281
9385
1241
2391
8365
5693
6791
2990
7927
9709
2
6327
1087
7992
6961
7950
6051
740
5353
2314
9839
1617
5160
8118
7907
5178
1402
4773
7207
4164
381
1468
3551
4095
9275
3259
3086
3106
337
1813
248
1694
9725
169
6664
9846
576
2688
3585
2841
6643
8154
1381
760
6597
3767
969
8219
7180
4030
9062
689
9147
7377
6946
8199
4056
93
3061
8388
1674
8144
3254
4393
9630
6282
3666
7248
219
785
2984
6960
8046
3039
9905
3022
4063
1294
263
8013
1637
6594
6071
6195
3649
8548
9491
3614
844
1406
8640
7595
8
4503
6185
9230
7349
2865
7787
9651
2337
3101
4374
3969
7211
4177
8631
8538
3785
2617
2358
5875
9018
4737
1638
7626
1417
4091
1193
525
3304
2979
5230
7698
4683
8951
1881
2860
5736
1506
1160
4088
1147
8278
5306
891
1978
9585
8911
4054
7672
334
1753
2072
628
9453
2988
6116
117
9423
8887
7574
4133
237
2817
8357
2223
1070
1383
8543
2241
6679
1837
5110
2023
6937
9635
4735
6978
7267
5963
3256
4707
2602
355
8007
7114
7146
2171
7573
7939
8290
8175
764
857
8741
9258
8150
2325
9771
7740
6912
4705
7795
4077
5403
3823
519
9873
3262
2436
2588
6038
6798
7773
5336
7793
2002
6760
2159
2413
9571
7287
1852
6133
4904
6748
3406
4232
5445
5427
8982
2779
2544
7362
5606
7691
7531
2469
3443
8305
2901
8990
3660
8644
6139
7467
6154
4437
9773
7265
7511
7676
3328
5593
6523
394
2406
7825
7928
5289
7684
6576
7342
3215
1616
335
2629
6865
4854
2745
5378
2931
6687
6700
7297
7979
945
3769
8160
9893
5332
5537
9299
6529
3447
8092
8148
3855
8489
7082
9393
8347
6228
5781
9073
2119
5374
4998
9752
3546
5886
2440
3638
7124
8555
6161
6103
6782
6689
9577
3071
5298
2594
8466
5055
433
4438
6856
2362
9090
5205
8581
9697
8672
2322
6333
3223
8666
2312
4746
4758
3335
6046
3999
8713
8217
2806
2975
9554
797
676
9359
3651
1350
2393
4210
8946
7687
3277
6725
974
1225
4289
8750
292
2491
4159
47
3939
4478
5465
4431
9109
5268
3122
1608
908
2029
8853
7273
7326
3035
939
4616
7119
9037
7308
4600
975
6742
6137
5644
5141
6771
4352
4987
2434
3263
9124
3754
9240
5489
1733
3150
7088
1150
790
4848
6690
6378
4071
8456
1716
1125
7743
1358
674
4003
7015
3461
9966
2570
2414
9724
2240
651
4704
6500
5163
7056
9492
9892
7057
3717
4965
6397
4275
8624
3010
7636
9591
4532
2606
4439
7200
5532
3936
5492
3534
9185
1913
371
2113
7386
2910
1806
4517
6891
4238
9934
4541
3860
1508
1573
9967
1331
2743
839
1880
2140
1223
1311
4016
994
2713
3492
1366
540
2995
6015
6042
9979
8019
9539
195
1820
5928
6883
1914
5502
1890
2511
7830
7269
7612
3885
6779
7036
5048
5134
7013
8264
5855
7089
9500
6849
2252
9286
3777
9640
9512
3554
1493
586
7378
4734
9262
982
6555
6106
45
7460
2214
9181
3667
7059
7249
5314
4444
3742
1986
1428
8048
1667
549
7245
5616
7660
2296
7241
5596
516
5803
9537
1800
2397
4650
9027
1893
174
6013
280
9642
7315
3977
9278
497
8293
9556
9291
4898
1246
916
2735
3900
7011
6855
926
7536
4696
7655
8078
5486
3567
8656
1613
704
1841
2537
3516
5089
8368
6354
8420
6318
6507
2818
2906
2653
2989
8103
406
65
4753
9816
7951
5700
7369
4997
7650
3297
6633
3771
935
2067
9215
7693
673
3109
5997
9622
9274
2721
9997
1542
2015
3421
8153
383
5500
6813
8227
9481
3816
204
800
6184
3272
612
3082
404
8323
7029
5198
4939
4246
2041
2788
5071
9543
6367
3571
6622
3221
5241
9981
6552
6283
915
2914
8029
5551
4787
1448
3981
8536
1482
8346
5655
855
99
6213
1060
8983
2467
5147
9456
3760
2204
2245
6217
499
834
980
1697
4780
3732
190
85
5962
7481
9400
4836
7647
9236
2254
6135
251
3869
9347
7760
2538
5277
3110
7086
3166
2272
8321
7218
4750
4309
7262
7155
667
5112
4968
6331
2643
6276
8443
7395
7611
9787
5824
559
81
3437
9953
3805
8211
6963
3669
9939
3763
4757
4680
965
7083
4918
7184
2861
4706
264
185
9681
1503
1731
1481
1863
7394
3883
7366
1438
5039
7908
5954
8723
291
5010
1583
8038
88
7455
100
6613
4928
111
281
2438
8888
1532
852
2869
1755
1891
3818
1750
542
6657
6458
3453
112
4794
4495
2930
642
7931
379
7016
5798
4852
2001
1562
3334
3139
3765
9356
5743
833
8692
7355
1084
8502
7577
1389
4342
9830
701
5967
7589
6662
1082
6016
6595
6255
1773
5707
9065
8881
9166
6351
8657
9378
1447
1253
5127
3539
3021
3287
5767
3851
8925
3990
4861
9226
6436
8842
3452
7947
937
1124
1900
4200
7575
8851
2773
7847
3520
6991
7987
6159
6654
7897
1099
4258
6945
2624
930
9813
2224
3703
9003
6513
4547
4407
6416
3508
7865
5989
942
3009
8417
2644
1169
2088
6954
6569
5382
7912
8769
3603
6489
496
1140
3697
6508
2293
3863
5345
1576
4098
9487
4364
2560
4023
5806
1588
5631
2613
4260
1499
7318
5708
7638
7935
6357
4721
7858
5712
2311
1680
9219
1839
7869
7147
867
4410
4564
13
6648
3144
6058
7961
7593
8814
9396
2739
278
493
2723
2093
7791
8367
5543
1735
7093
5782
1462
1877
8789
368
9624
6773
4637
3108
8277
8057
4789
8472
6581
8310
3396
8654
7156
1546
1037
199
2662
7051
9588
4525
1760
162
4097
8309
367
9082
617
9605
2005
2668
9107
3053
8327
97
6911
5582
1217
443
7993
2704
7986
2786
9135
1740
9314
1146
2350
8854
9548
1782
2357
4919
2237
3822
2102
7152
1947
8689
8714
1867
5173
7504
3893
3775
3509
1771
4851
6973
8002
9445
3356
6173
4920
1715
1765
4741
6879
3521
6479
6304
7428
7999
4995
1324
2052
831
8930
5420
8423
7670
6100
277
8973
4171
4317
2555
1142
442
1744
5748
5654
458
2583
4420
3872
2698
6342
1098
9689
5456
2823
9739
194
2848
8374
4173
2076
9104
1805
4174
8869
3610
9660
7703
2289
8261
7175
6942
5097
5026
2274
2164
6355
5637
2596
8511
9167
6571
1690
8114
6505
3673
8742
2390
9732
2149
9575
8073
3103
6196
8831
7477
1966
4967
1232
7874
6920
2008
3679
6356
5843
1663
3311
8331
306
9072
2878
1693
7268
600
8839
682
3857
7680
2980
1875
8500
1459
5545
6722
8378
5908
5677
7785
6875
6610
9460
7237
7960
7138
8878
520
9682
8782
2399
5585
5285
5479
7473
107
8117
4986
9914
912
661
5754
2746
9016
6619
9145
9008
1995
4214
3686
2361
8461
1305
8960
5245
4492
7686
7811
7006
53
3359
1722
7915
5327
8208
8948
3153
1055
4251
2319
8691
5367
7402
397
1911
836
507
9101
2101
7217
2432
9404
6636
5416
4060
9264
5125
6025
1818
4216
1320
9489
8821
8298
6149
109
4772
4149
7433
8587
9619
8215
8314
4456
471
4800
77
3678
3633
6696
6846
5080
8953
1660
9295
8139
5907
6221
1918
8395
1240
7605
9578
7736
6812
4577
4116
7515
7854
8630
2651
3309
4406
6212
4257
7398
3646
5797
3440
7197
3752
4457
4792
3412
6144
3250
2177
2516
551
8748
4592
8645
1282
4720
2195
7305
4629
7748
8405
6298
6699
3791
9408
8359
4236
1041
6765
438
685
3100
9785
9495
5176
3985
5421
8917
1886
4588
6478
3265
8486
7509
9098
392
9447
413
5454
4322
1944
8115
9557
7976
3815
3582
3386
9302
5093
289
115
6940
7646
215
9978
5691
2642
1524
3574
4196
5138
1279
9616
6998
5161
8544
6660
684
3839
9386
825
2444
4408
57
1884
8391
6949
9935
7545
7223
941
5623
4099
7275
2316
1132
2877
7198
9806
5099
5635
1714
2299
2862
8984
203
5238
6337
9260
7142
4065
2528
4378
3770
3557
8004
6887
7808
9645
4433
4509
5438
323
4137
9377
1372
7190
4325
7004
2148
9765
9638
2486
4295
2828
2403
8130
5953
422
6987
4284
6867
4446
4134
3811
4300
9706
4950
7465
2004
5363
7337
985
6799
794
883
166
4252
6471
7181
9071
9829
5283
5749
7674
2246
3267
6811
1063
7389
6052
6231
3710
5927
1838
3556
1579
6192
8712
4657
4355
8042
4382
4103
28
623
2789
7145
6970
9790
2446
4413
4708
8779
9074
9251
8835
2769
2044
5960
1910
3506
9095
5986
5583
1155
9394
964
2912
3784
6273
8065
744
5951
1220
2627
3755
9233
8260
4544
2514
1018
6857
3336
9254
1360
29
1107
9021
3282
6554
8947
9288
6889
4932
9026
2722
6853
7782
5288
6321
2708
4839
4703
8660
4887
7061
4324
9209
8828
5818
420
1787
5533
6745
1085
2891
2193
7276
3826
7584
5694
1103
7322
7330
9662
2123
9970
6730
3887
7899
3165
7510
2111
3485
103
8523
9141
517
9392
627
5858
3490
6146
4875
1523
2762
5985
1398
706
9217
3886
7289
283
6330
7978
1754
4371
328
7972
3431
8635
1378
7769
7105
1388
2243
1312
4390
8053
5046
6901
8018
6759
4208
5254
3466
5523
9729
3343
8519
5579
9862
6303
2019
4761
6638
8683
892
9814
297
6527
8707
2677
5234
999
5169
4494
8235
7673
2267
9415
5526
453
7257
4428
4512
5404
2752
727
8382
8710
2116
8435
8453
7453
2924
3184
1725
6063
8529
4010
9272
3179
3289
6995
1896
7264
8976
6251
8540
7139
265
341
2873
4338
4963
1022
7688
2433
9834
4114
6575
3175
3285
9237
7863
7474
6169
486
9327
298
4768
1845
16
8156
7243
5375
2428
7222
2441
919
4126
1269
3942
4278
9716
3017
1334
7985
6444
544
8356
8886
5548
6455
9840
862
3932
1413
378
9416
6053
6762
848
9586
9212
3012
5000
3367
5665
6695
2761
8429
1785
7521
913
2626
345
8320
6863
5575
6261
8612
223
9075
2519
2751
793
6258
7710
3960
4032
9120
9631
5819
4646
8959
3131
3642
6394
7804
2124
6604
1796
7641
8371
1480
3616
3134
8537
6309
4259
9985
7025
815
7407
5862
1709
3564
5923
7351
7640
832
4341
6484
9788
588
4223
3639
4901
3512
6656
3979
5014
7719
1801
2215
9922
5871
828
5103
9022
1315
9780
856
7312
5906
1578
7288
3469
621
4625
7454
9926
4386
3609
5925
4002
326
6420
4105
5320
3608
3415
711
8673
9850
2135
1108
6768
1373
5292
4662
1561
457
5867
7246
7755
7404
3435
4785
4059
1834
3890
4092
6579
7624
564
9652
2317
8722
4192
607
5559
6428
9412
1345
3353
7118
6059
8795
4543
89
703
9341
664
9776
178
5101
5185
2203
2261
7514
5773
1365
3348
3801
4124
6770
902
5284
7792
6098
783
845
6502
8715
1997
5202
2181
4418
8903
6044
817
9432
4477
3230
738
9175
386
8351
2091
465
5212
742
6892
5761
5331
6587
7996
4553
5771
6473
7553
2022
3190
761
9909
5265
6941
4086
5455
3341
4329
7043
1935
7085
3173
8237
9986
6641
6750
2115
5371
2765
8802
9099
3689
2269
6837
4865
6236
1989
3442
5090
7294
9130
2616
168
1172
1620
2967
6661
4489
787
3772
7914
2257
9420
4146
7450
1628
3913
6417
6876
4754
4075
2634
555
5270
4574
9609
984
4031
9596
4673
8334
4144
4566
3707
1179
2797
4597
2554
5227
9884
7695
1191
4595
1626
5104
6734
6107
2754
3962
5480
1184
9656
8424
2561
9904
6904
4037
3235
4822
6601
7715
5487
4235
8430
1615
9188
756
96
3295
9361
7174
3416
8447
8454
9808
3538
5362
6263
6926
3499
6105
8104
273
2435
8811
5070
1972
4923
2889
7794
2020
6847
202
6774
1781
7480
5425
909
8971
3598
7028
8836
2447
5725
9584
2277
4380
9162
5730
7024
2028
4169
3788
1872
5873
8306
2487
9488
447
9332
6335
3205
8425
9379
8340
2043
4977
8590
6240
1762
6259
7405
7469
1261
4467
5850
3920
3129
5513
7165
9256
4247
9097
1119
6769
8241
6364
466
9142
8132
8711
3316
9304
23
8739
8161
9644
439
8303
5413
5823
3804
3251
9442
2730
2899
8796
6124
791
5594
8386
2024
2945
6041
5
8567
2239
6495
3414
4937
7052
3727
7826
9399
9265
3909
5119
1053
5845
3529
2573
366
4484
5566
1326
7110
1333
7716
8039
734
5065
662
906
5742
3548
2655
6877
6895
6179
4546
1652
4903
3463
9029
5793
3503
4353
1761
7225
5102
8800
4354
2742
1283
655
5503
9116
2535
7603
6322
346
4319
8910
3537
7302
4400
2667
6260
1919
770
3734
6562
4850
8961
9158
1187
8407
2888
4561
2500
1432
4642
114
1284
9741
3824
1202
6728
7149
256
9977
4359
9510
7849
6123
9943
8177
2635
6583
3856
5920
4121
6300
6470
7077
3793
4603
7422
8010
5972
8253
6494
3759
530
3419
6034
9153
9461
7488
252
222
7018
5825
4697
3157
895
3912
8345
9403
7941
9951
1299
52
7548
2054
8730
2266
521
1431
3047
8639
4567
7135
6735
6704
9152
2202
2853
9803
5649
8222
1020
8291
3695
3688
4693
9852
2684
2506
6793
5658
5158
2763
4248
6293
3599
9418
7079
2452
5007
5391
8573
4445
6755
8817
3168
4311
3590
3425
4138
1120
6666
8963
3750
6078
6011
9727
66
2268
372
4778
1247
1349
5444
8003
6086
5485
3246
8022
1585
409
8458
7873
1115
7425
694
529
5838
599
7497
5203
4793
7439
8008
9601
4974
55
3864
1908
3514
6676
5936
2631
6483
7457
8901
4688
7354
2431
4940
2050
9511
6882
822
6028
9053
9903
9196
6076
622
1116
2342
3124
7161
9524
9080
7242
5236
5054
2726
574
5035
7806
2475
1427
8603
6385
8575
5914
4427
9172
7855
1668
4748
5423
5764
4069
2680
9566
863
4310
3090
3338
6486
3656
8531
8234
624
7561
1636
4726
6176
5911
5498
3486
3674
3796
2925
2497
9720
5468
9647
4450
7700
5968
3589
9626
2298
3023
9064
7905
2210
5869
9
3560
7429
4891
5934
8404
4508
4516
9770
1790
9623
7336
1713
4422
5851
7196
5004
5921
7104
8956
1083
4725
9112
5064
5388
6201
2898
1463
7335
9740
5857
3204
4388
295
2803
5648
8745
2546
4330
8667
1259
2131
4978
7617
7075
5560
5949
4853
3986
9994
5251
4899
4160
176
9458
4638
4357
9675
9868
7728
509
4480
9728
90
6574
615
2965
2837
860
796
2047
7166
4256
784
2321
9736
2315
2117
871
9755
5846
6403
5679
9945
4442
9641
4641
2706
2207
2724
31
3810
4226
1095
2933
3834
3236
9899
6232
7445
7766
6068
5926
2439
7708
2265
8252
4665
3983
6380
5271
7779
506
2850
4802
6852
7317
2294
480
1368
1888
8942
8823
1153
1792
3015
5313
1177
3952
5844
4475
2304
6344
4575
4744
5664
2897
608
1211
9106
1746
8477
3744
310
1622
1161
6968
2178
9229
5856
1623
3030
8312
7774
7879
7367
1182
2654
5956
9664
5108
9450
7701
8554
2686
5493
4996
8179
6316
2776
4585
3862
3077
5186
5435
9704
2947
2974
2825
8256
4197
5130
3032
8827
9464
951
6233
1538
1920
9910
1883
6540
4552
8809
8700
5475
9639
7681
6548
4460
7316
2012
527
983
6319
6567
7485
7559
3968
864
8697
920
7925
873
9040
5888
2110
8238
3836
3214
5274
4070
3352
5033
1310
8066
7489
309
2580
8655
729
5666
1580
7821
1831
212
6673
1266
192
1497
8897
6900
587
9034
1976
5140
1950
9305
3118
5728
3675
3998
4944
1341
1133
3318
6992
7206
1946
7745
8452
5036
7565
2259
9799
7136
938
5209
7255
5126
4803
6145
4774
6868
3700
177
6806
8276
2675
1556
1394
1575
7943
3926
3730
7746
6278
351
2375
5109
1737
2771
8929
9718
7434
557
4343
3967
7843
7696
6060
2659
9954
722
7176
7956
1648
8799
9555
1825
8056
7382
3722
2501
9092
550
3478
9326
8651
7285
2768
4079
611
8506
7524
6993
1604
3581
6209
9972
2599
5898
7827
8289
7576
2169
1548
33
4524
5359
4695
7468
6655
9559
5814
2685
8223
6493
3949
8966
6733
8790
2959
971
5808
686
9948
1916
2448
1659
5900
4249
6957
9231
2278
2058
2345
9337
9354
1598
7916
7496
9530
2920
2340
5091
8571
4675
5698
9160
3198
8589
3578
6534
7934
6580
67
4926
4458
7569
1640
767
7160
1304
4142
8431
1340
5315
824
6332
4881
3489
8695
1154
4266
8885
9669
9439
4454
4559
4867
5801
3228
9648
2900
3052
5226
1357
3971
6358
3446
3888
4150
2621
4089
7642
782
3833
1988
2155
1567
957
6033
400
9238
8978
4554
80
2966
3178
8632
7019
3069
4276
7109
9962
2031
4383
1822
6986
8923
882
6944
2471
3825
7798
8214
9825
1756
2185
7372
5281
472
3995
7133
5653
9372
6817
9470
8043
7313
2077
5317
3640
7321
1815
4336
5118
8801
6054
474
2499
4194
7591
759
467
6350
5342
9224
6510
1555
6637
4157
699
5885
3383
9367
7831
9380
2720
7141
216
1464
2227
7732
3218
1249
2950
8678
4691
1856
5384
1592
4821
2585
76
1297
556
9650
9918
7954
7003
3531
2727
970
5511
3849
3154
7778
4084
450
8665
2550
7120
7117
6073
8105
227
9659
7334
9895
8896
9919
3861
4073
8623
5584
6850
4896
4820
710
3850
2663
9315
9088
5842
9220
7657
5294
255
8349
9551
7391
6203
9087
1046
9350
7784
7910
1536
4441
9452
2105
4496
2774
1949
2928
3701
83
1
837
2474
6080
6823
9030
6208
3813
3371
3050
7692
285
3424
7062
5884
7661
4302
6456
6475
6197
5762
741
7487
5129
7073
736
5358
7606
1897
8085
8037
5591
1195
3078
5218
1779
2176
6019
1040
3780
6215
5569
8921
5704
7435
4869
6117
313
7055
7220
2589
9711
3916
4304
8079
9961
7824
6148
6870
7537
3323
772
5495
6178
1751
2495
2083
6002
7812
8786
7096
5490
2676
4365
5115
7727
2615
5789
1768
869
3645
6095
3617
968
6504
6463
2636
2404
8864
8488
3378
9564
5132
9293
3449
9411
3092
5574
6392
6371
8242
1857
1804
243
6516
7458
8094
2981
700
8195
8527
4786
8207
3268
5952
6386
5257
4655
1201
9007
1105
572
430
8858
6670
151
4871
3037
7883
4072
143
8690
2903
8061
5662
4307
8516
7292
6568
8556
8539
6539
2972
4224
8072
1404
2276
4645
812
7919
4770
9365
9762
5452
5050
2232
3248
7482
4161
8759
5151
8559
142
5098
7984
8620
626
6400
1005
124
8283
6007
4982
3572
1662
7421
8102
5034
1873
6047
8680
1683
9944
7399
2346
5084
2147
4204
2630
5193
9676
2066
9472
1850
692
1990
3729
9261
3159
6932
5633
7231
9858
7408
4550
6884
1078
8847
3854
2010
4882
4360
4351
6727
6381
3865
545
9358
4723
4870
7129
8325
993
9989
1507
3720
230
1991
7502
7393
7484
6237
6423
3146
7643
1894
5291
3522
4025
4120
1313
7258
6020
2378
950
6410
183
8694
9325
9284
2409
7291
1603
9118
5114
5148
5461
7090
4835
4711
3762
8284
1723
1621
992
3859
9766
802
9253
4507
5364
1131
1645
3125
7281
614
8468
2868
7049
1073
6964
2508
1921
5433
5123
1361
3510
2604
8159
6543
6442
7530
8122
8209
5379
6658
3664
9798
434
683
8180
4798
8860
1138
2307
9203
591
5472
4518
3994
8353
4828
5901
9202
2939
6369
9434
1275
4130
6265
4128
9321
6055
51
8491
6631
5775
9159
1242
3907
8861
3028
275
7580
9569
1271
9493
4941
5746
4760
8625
7122
8151
2678
3296
8337
3189
6085
8300
4712
1215
3789
6719
6339
990
4280
6804
5392
907
9774
3953
3966
665
8244
9351
1117
8342
8236
5641
2760
9878
5674
332
5983
9117
4632
4350
592
4358
3943
1741
43
3222
8421
7256
522
9036
2533
8270
657
6132
949
5057
4895
539
604
5580
317
6121
3746
1396
1632
5541
5933
2016
6834
1964
398
9517
4391
887
9754
3575
1011
8875
460
9636
8991
4719
4466
5895
2478
5896
866
4808
9658
3411
7882
7157
441
9533
5811
7567
9189
6578
5973
4614
4892
8381
8166
6165
717
7864
5861
3515
3076
2671
2122
8891
1832
9422
1943
3191
6787
8837
1270
2037
7685
9186
3584
8335
4372
8840
7383
8560
296
9666
3394
9164
8052
5699
2011
3096
9963
8231
4253
9984
7877
9343
4716
3384
1901
9565
3403
1772
8307
5276
1945
8210
7516
6521
9320
2737
6156
4669
488
6430
1759
8682
7048
820
3852
8218
6297
3375
578
2086
9323
1251
6705
8181
7807
4572
3199
7937
1783
1998
6311
1812
1380
2795
7068
3596
2885
2934
7608
8288
7012
728
8070
5211
1669
3460
3135
8941
4271
8041
5619
634
1799
2553
8591
6608
9010
6163
1391
2365
765
5386
6917
6630
2248
925
4843
8143
9562
7171
6090
8366
7187
7837
1851
1047
4434
3057
4373
4988
8593
6188
7284
9544
7988
1960
4112
7742
5056
8243
3163
9580
5286
7853
561
5865
9889
446
9699
9232
9921
9614
7409
936
8060
5938
8459
2270
3723
485
5165
1810
5863
9013
8785
9518
3164
9707
1227
7102
4017
998
2717
463
6472
6050
3665
3290
1926
3417
5213
3874
1170
3123
3586
8774
5005
8344
988
426
5992
3484
5717
4331
7379
6803
1980
8158
1130
245
4170
1276
5731
3963
4653
5024
9197
6334
9468
1100
9174
8844
312
6134
5800
2576
1110
2142
4004
9424
9001
7632
3432
1569
1915
4859
8152
5021
4188
3591
4729
2707
9417
7353
2172
3878
2154
6537
1933
666
6629
186